32.69 -13.88 -28.66
32.69 -13.88 -28.66
32.69 -13.88 -28.66
32.69 -13.88 -28.66
32.69 -13.88 -28.66
32.69 -13.88 -28.66
32.58 -13.59 -28.34
32.58 -13.59 -28.34
33.31 -13.73 -28.98
33.31 -13.73 -28.98
32.74 -13.48 -28.61
32.74 -13.48 -28.61
33.07 -13.56 -28.71
33.07 -13.56 -28.71
33.07 -13.56 -28.71
33.54 -13.21 -28.49
33.54 -13.21 -28.49
33.61 -13.53 -28.48
33.61 -13.53 -28.48
33.37 -13.51 -28.37
33.37 -13.51 -28.37
32.69 -14.11 -28.21
32.69 -14.11 -28.21
32.69 -14.11 -28.21
33.02 -13.79 -28.77
33.02 -13.79 -28.77
33.68 -14.05 -28.09
33.68 -14.05 -28.09
33.48 -13.76 -29.30
33.48 -13.76 -29.30
33.48 -13.76 -29.30
33.25 -13.45 -29.44
33.25 -13.45 -29.44
33.56 -13.67 -28.89
33.56 -13.67 -28.89
33.02 -13.87 -28.88
33.02 -13.87 -28.88
33.24 -13.89 -28.69
33.24 -13.89 -28.69
33.24 -13.89 -28.69
33.23 -13.31 -28.17
33.23 -13.31 -28.17
33.46 -13.77 -28.59
33.46 -13.77 -28.59
33.41 -13.88 -28.42
33.41 -13.88 -28.42
32.86 -13.60 -28.31
32.86 -13.60 -28.31
32.86 -13.60 -28.31
33.79 -13.65 -28.91
33.79 -13.65 -28.91
33.47 -14.15 -28.48
33.47 -14.15 -28.48
33.11 -14.04 -28.32
33.11 -14.04 -28.32
33.57 -13.83 -29.31
33.57 -13.83 -29.31
33.57 -13.83 -29.31
33.57 -13.87 -29.25
33.57 -13.87 -29.25
32.57 -13.81 -28.31
32.57 -13.81 -28.31
33.53 -13.54 -28.30
33.53 -13.54 -28.30
33.67 -13.89 -28.58
33.67 -13.89 -28.58
33.67 -13.89 -28.58
33.64 -13.50 -28.14
33.64 -13.50 -28.14
33.35 -13.72 -30.35
33.35 -13.72 -30.35
32.74 -13.99 -28.80
32.74 -13.99 -28.80
33.54 -13.87 -28.53
33.54 -13.87 -28.53
33.54 -13.87 -28.53
33.29 -13.48 -28.26
33.29 -13.48 -28.26
33.28 -13.81 -28.94
33.28 -13.81 -28.94
33.72 -13.38 -28.02
33.72 -13.38 -28.02
33.72 -13.38 -31.14
33.04 -14.01 -28.87
33.04 -14.01 -28.87
33.13 -13.78 -27.56
33.13 -13.78 -27.56
33.91 -14.01 -28.41
33.91 -14.01 -28.41
32.80 -13.92 -27.60
32.80 -13.92 -27.60
32.80 -13.92 -27.60
33.52 -13.43 -28.88
33.52 -13.43 -28.88
33.36 -13.24 -28.85
33.36 -13.24 -28.85
33.45 -13.07 -29.08
33.45 -13.07 -29.08
33.23 -13.20 -27.95
33.23 -13.20 -27.95
33.23 -13.20 -27.95
32.93 -13.77 -28.88
32.93 -13.77 -28.88
33.52 -13.60 -28.78
33.52 -13.60 -28.78
33.36 -13.66 -28.53
33.36 -13.66 -28.53
33.92 -13.49 -28.52
33.92 -13.49 -28.52
33.92 -13.49 -28.52
33.47 -13.85 -28.67
33.47 -13.85 -28.67
33.45 -13.68 -28.22
33.45 -13.68 -28.22
33.59 -13.50 -29.41
33.59 -13.50 -29.41
33.89 -13.22 -28.99
33.89 -13.22 -28.99
33.89 -13.22 -28.99
33.45 -13.75 -29.24
33.45 -13.75 -29.24
33.56 -13.79 -29.14
33.56 -13.79 -29.14
33.72 -13.27 -28.30
33.72 -13.27 -28.30
33.20 -13.38 -29.42
33.20 -13.38 -29.42
33.20 -13.38 -29.42
33.67 -13.88 -28.28
33.67 -13.88 -28.28
33.42 -13.78 -28.36
33.42 -13.78 -28.36
33.69 -14.04 -28.55
33.69 -14.04 -28.55
33.69 -13.92 -28.67
33.79 -13.92 -28.67
33.79 -13.92 -28.67
33.40 -14.27 -27.84
33.40 -14.27 -27.84
33.61 -14.34 -28.54
33.61 -14.34 -28.54
33.13 -15.12 -28.45
33.13 -15.12 -28.45
33.13 -15.12 -28.45
32.54 -15.36 -30.32
32.54 -15.36 -30.32
31.60 -15.72 -30.13
31.60 -15.72 -30.13
32.20 -15.44 -30.37
32.20 -15.44 -30.37
32.37 -15.87 -30.96
32.37 -15.87 -30.96
32.37 -15.87 -30.96
32.73 -17.82 -31.48
32.73 -17.82 -31.48
32.80 -20.47 -32.06
32.80 -20.47 -32.06
33.00 -23.65 -31.26
33.00 -23.65 -31.26
32.75 -26.34 -31.81
32.75 -26.34 -31.81
32.75 -26.34 -31.81
32.76 -28.25 -30.91
32.76 -28.25 -30.91
34.03 -30.14 -29.91
34.03 -30.14 -29.91
34.46 -32.69 -27.83
34.46 -32.69 -27.83
36.67 -33.29 -26.99
36.67 -33.29 -26.99
36.67 -33.29 -26.99
36.99 -34.12 -25.34
36.99 -34.12 -25.34
38.06 -35.03 -25.12
38.06 -35.03 -25.12
37.62 -35.27 -25.76
37.62 -35.27 -25.76
37.57 -36.49 -25.07
37.57 -36.49 -25.07
37.57 -36.49 -25.07
37.37 -35.46 -24.21
37.37 -35.46 -24.21
37.71 -36.69 -23.01
37.71 -36.69 -23.01
37.60 -38.34 -21.74
37.60 -38.34 -21.74
38.22 -38.44 -20.90
38.22 -38.44 -20.90
38.22 -38.44 -20.90
38.56 -39.20 -20.00
38.56 -39.20 -20.00
39.20 -39.62 -18.32
39.20 -39.62 -18.32
39.01 -40.37 -17.20
39.01 -40.37 -17.20
39.01 -40.37 -17.20
38.62 -41.00 -15.45
38.62 -41.00 -15.45
38.51 -42.24 -12.92
38.51 -42.24 -12.92
38.46 -41.97 -9.31
38.46 -41.97 -9.31
38.73 -41.74 -8.23
38.73 -41.74 -8.23
38.73 -41.74 -8.23
38.81 -41.42 -4.83
38.81 -41.42 -4.83
39.04 -40.58 -3.19
39.04 -40.58 -3.19
39.04 -40.58 -3.19
38.42 -39.67 -1.21
38.42 -39.67 -1.21
37.99 -38.33 2.51
37.99 -38.33 2.51
38.00 -36.45 5.36
38.00 -36.45 5.36
38.00 -36.45 5.36
37.52 -34.39 8.52
37.52 -34.39 8.52
37.65 -31.86 9.92
37.65 -31.86 9.92
37.65 -31.86 9.92
38.64 -29.11 12.24
38.64 -29.11 12.24
38.17 -27.76 12.38
38.17 -27.76 12.38
38.17 -27.76 12.38
38.21 -25.54 12.73
38.21 -25.54 12.73
37.30 -23.71 13.89
37.30 -23.71 13.89
36.80 -22.05 13.77
36.80 -22.05 13.77
36.80 -22.05 13.77
35.72 -19.79 14.58
35.72 -19.79 14.58
35.16 -18.18 15.42
35.16 -18.18 15.42
35.39 -16.97 16.38
35.39 -16.97 16.38
35.39 -16.97 16.38
34.73 -16.33 16.70
34.73 -16.33 16.70
34.45 -14.82 16.35
34.45 -14.82 16.35
34.45 -14.82 16.35
33.65 -13.66 15.95
33.65 -13.66 15.95
32.80 -14.21 17.29
32.80 -14.21 17.29
33.97 -14.21 17.10
33.97 -14.21 17.10
33.97 -14.21 17.10
33.34 -13.50 16.56
33.34 -13.50 16.56
34.08 -14.33 16.27
34.08 -14.33 16.27
34.53 -15.41 16.85
34.53 -15.41 16.85
34.53 -15.41 16.85
34.58 -18.15 16.43
34.58 -18.15 16.43
36.76 -20.07 15.47
36.76 -20.07 15.47
36.76 -20.07 15.47
37.41 -22.90 13.44
37.41 -22.90 13.44
38.93 -25.37 11.63
38.93 -25.37 11.63
40.64 -27.66 9.36
40.64 -27.66 9.36
40.64 -27.66 9.36
42.40 -28.91 4.77
42.40 -28.91 4.77
44.13 -30.13 3.31
44.13 -30.13 3.31
44.13 -30.13 3.31
45.43 -30.55 -1.18
45.43 -30.55 -1.18
46.85 -29.39 -4.66
46.85 -29.39 -4.66
46.85 -29.39 -4.66
47.52 -27.12 -8.50
47.52 -27.12 -8.50
48.27 -24.51 -10.10
48.27 -24.51 -10.10
47.95 -20.20 -12.37
47.95 -20.20 -12.37
47.95 -20.20 -12.37
47.90 -17.16 -13.92
47.90 -17.16 -13.92
47.44 -14.32 -15.37
47.44 -14.32 -15.37
46.53 -13.22 -15.58
46.53 -13.22 -15.58
46.62 -12.23 -15.41
46.62 -12.23 -15.41
46.62 -12.23 -15.41
45.90 -10.89 -17.25
45.90 -10.89 -17.25
45.70 -9.20 -17.72
45.70 -9.20 -17.72
45.12 -9.52 -18.32
45.12 -9.52 -18.32
45.12 -9.52 -18.32
44.73 -9.06 -21.09
44.73 -9.06 -21.09
43.57 -9.92 -22.31
43.57 -9.92 -22.31
42.93 -10.24 -24.19
42.93 -10.24 -24.19
42.93 -10.24 -24.19
42.83 -9.36 -24.21
42.83 -9.36 -24.21
41.53 -7.08 -23.61
41.53 -7.08 -23.61
39.23 -5.10 -24.26
39.23 -5.10 -24.26
39.23 -5.10 -24.26
38.16 -1.45 -23.69
38.16 -1.45 -23.69
35.95 1.68 -21.95
35.95 1.68 -21.95
35.78 4.60 -19.26
35.78 4.60 -19.26
35.78 4.60 -19.26
35.89 4.77 -17.46
35.89 4.77 -17.46
35.52 6.45 -15.49
35.52 6.45 -15.49
35.52 6.45 -15.49
35.71 7.26 -14.06
35.71 7.26 -14.06
34.99 8.20 -10.05
34.99 8.20 -10.05
34.99 8.20 -10.05
34.24 8.81 -8.34
34.24 8.81 -8.34
34.24 8.81 -8.34
34.42 8.79 -7.34
34.42 8.79 -7.34
35.82 7.54 -3.80
35.82 7.54 -3.80
35.82 7.54 -3.80
38.62 4.65 -1.87
38.62 4.65 -1.87
41.30 1.35 1.01
41.30 1.35 1.01
41.30 1.35 1.01
43.26 -4.30 3.75
43.26 -4.30 3.75
43.26 -4.30 3.75
44.48 -9.14 5.83
44.48 -9.14 5.83
44.48 -9.14 5.83
46.11 -13.73 6.47
46.11 -13.73 6.47
46.72 -18.13 5.13
46.72 -18.13 5.13
46.72 -18.13 5.13
47.95 -21.80 3.17
47.95 -21.80 3.17
49.27 -24.02 -0.52
49.27 -24.02 -0.52
49.27 -26.18 -4.57
49.49 -26.18 -4.57
49.49 -26.18 -4.57
49.58 -28.30 -8.79
49.58 -28.30 -8.79
48.85 -28.55 -13.44
48.85 -28.55 -13.44
48.85 -28.55 -16.56
47.29 -29.85 -17.64
47.29 -29.85 -17.64
45.08 -32.14 -22.17
45.08 -32.14 -22.17
40.88 -34.22 -24.52
40.88 -34.22 -24.52
37.62 -35.42 -27.12
37.62 -35.42 -27.12
37.62 -35.42 -27.12
34.48 -37.05 -29.42
34.48 -37.05 -29.42
32.53 -37.11 -29.61
32.53 -37.11 -29.61
31.45 -37.93 -29.82
31.45 -37.93 -29.82
31.24 -37.12 -30.46
31.24 -37.12 -30.46
31.24 -37.12 -30.46
30.15 -37.13 -30.60
30.15 -37.13 -30.60
30.22 -35.77 -31.63
30.22 -35.77 -31.63
30.88 -35.44 -31.03
30.88 -35.44 -31.03
31.18 -33.56 -31.67
31.18 -33.56 -31.67
31.18 -33.56 -31.67
31.82 -32.26 -31.77
31.82 -32.26 -31.77
31.99 -29.68 -32.57
31.99 -29.68 -32.57
31.59 -27.05 -33.33
31.59 -27.05 -33.33
30.86 -25.78 -33.91
30.86 -25.78 -33.91
30.86 -25.78 -33.91
29.37 -24.87 -34.27
29.37 -24.87 -34.27
29.22 -22.95 -34.63
29.22 -22.95 -34.63
28.03 -23.18 -35.02
28.03 -23.18 -35.02
27.61 -23.57 -34.80
27.61 -23.57 -34.80
27.61 -23.57 -34.80
26.60 -23.06 -35.02
26.60 -23.06 -35.02
26.37 -21.45 -35.88
26.37 -21.45 -35.88
25.35 -20.74 -35.50
25.35 -20.74 -35.50
25.35 -20.30 -35.53
25.56 -20.30 -35.53
25.56 -20.30 -35.53
25.06 -19.48 -35.71
25.06 -19.48 -35.71
24.38 -20.10 -35.72
24.38 -20.10 -35.72
21.87 -20.68 -35.00
21.87 -20.68 -35.00
21.87 -20.68 -35.00
20.95 -21.02 -35.49
20.95 -21.02 -35.49
22.11 -20.64 -34.99
22.11 -20.64 -34.99
22.95 -19.53 -35.28
22.95 -19.53 -35.28
19.85 -20.51 -36.40
19.85 -20.51 -36.40
19.85 -20.51 -36.40
17.58 -21.96 -36.33
17.58 -21.96 -36.33
15.34 -25.02 -35.90
15.34 -25.02 -35.90
12.44 -26.84 -34.63
12.44 -26.84 -34.63
10.46 -29.94 -33.22
10.46 -29.94 -33.22
10.46 -29.94 -33.22
8.87 -31.74 -32.95
8.87 -31.74 -32.95
8.03 -35.14 -31.37
8.03 -35.14 -31.37
8.07 -36.55 -30.31
8.07 -36.55 -30.31
8.07 -36.55 -30.31
7.46 -37.52 -29.66
7.46 -37.52 -29.66
8.39 -38.20 -28.82
8.39 -38.20 -28.82
9.28 -39.09 -28.87
9.28 -39.09 -28.87
9.28 -39.09 -28.87
9.30 -40.38 -27.70
9.30 -40.38 -27.70
11.05 -41.75 -27.95
11.05 -41.75 -27.95
11.50 -42.43 -27.84
11.50 -42.43 -27.84
11.50 -42.43 -27.84
10.86 -44.14 -25.82
10.86 -44.14 -25.82
10.88 -45.90 -23.45
10.88 -45.90 -23.45
10.12 -47.47 -22.84
10.12 -47.47 -22.84
10.12 -48.68 -21.04
10.25 -48.68 -21.04
10.25 -48.68 -21.04
12.27 -49.74 -20.21
12.27 -49.74 -20.21
15.06 -49.95 -21.97
15.06 -49.95 -21.97
15.12 -49.60 -22.44
15.12 -49.60 -22.44
15.12 -49.60 -22.44
16.94 -49.51 -22.33
16.94 -49.51 -22.33
17.63 -49.44 -23.65
17.63 -49.44 -23.65
17.79 -49.80 -23.60
17.79 -49.80 -23.60
17.85 -49.08 -25.07
17.85 -49.08 -25.07
17.85 -49.08 -25.07
21.64 -48.65 -24.74
21.64 -48.65 -24.74
23.06 -47.27 -25.22
23.06 -47.27 -25.22
24.77 -45.03 -26.04
24.77 -45.03 -26.04
26.72 -43.81 -27.14
26.72 -43.81 -27.14
26.72 -43.81 -27.14
30.11 -41.58 -26.27
30.11 -41.58 -26.27
32.90 -39.42 -26.59
32.90 -39.42 -26.59
33.41 -37.26 -26.21
33.41 -37.26 -26.21
31.57 -37.28 -28.09
31.57 -37.28 -28.09
31.57 -37.28 -28.09
31.68 -37.44 -27.11
31.68 -37.44 -27.11
33.19 -37.62 -25.95
33.19 -37.62 -25.95
34.24 -39.67 -23.63
34.24 -39.67 -23.63
33.22 -40.48 -21.90
33.22 -40.48 -21.90
33.22 -40.48 -21.90
32.08 -42.57 -20.72
32.08 -42.57 -20.72
31.27 -44.95 -18.57
31.27 -44.95 -18.57
30.18 -46.67 -16.50
30.18 -46.67 -16.50
26.38 -48.73 -13.64
26.38 -48.73 -13.64
26.38 -48.73 -13.64
22.06 -49.85 -13.49
22.06 -49.85 -13.49
17.69 -50.56 -13.67
17.69 -50.56 -13.67
13.60 -50.24 -12.01
13.60 -50.24 -12.01
13.60 -50.24 -12.01
10.66 -49.83 -12.54
10.66 -49.83 -12.54
8.04 -48.94 -13.39
8.04 -48.94 -13.39
6.24 -48.68 -14.62
6.24 -48.68 -14.62
5.41 -47.17 -17.02
5.41 -47.17 -17.02
5.41 -47.17 -17.02
3.82 -46.31 -17.69
3.82 -46.31 -17.69
3.32 -44.76 -19.67
3.32 -44.76 -19.67
3.32 -44.76 -19.67
2.82 -42.09 -22.49
2.82 -42.09 -22.49
2.45 -39.12 -26.14
2.45 -39.12 -26.14
2.78 -36.73 -28.42
2.78 -36.73 -28.42
2.78 -36.73 -28.42
4.32 -33.67 -29.44
4.32 -33.67 -29.44
4.66 -31.59 -31.82
4.66 -31.59 -31.82
7.09 -30.98 -32.80
7.09 -30.98 -32.80
7.09 -30.98 -32.80
9.51 -32.30 -33.17
9.51 -32.30 -33.17
12.87 -33.14 -34.17
12.87 -33.14 -34.17
12.87 -33.87 -34.29
13.66 -33.87 -34.29
13.66 -33.87 -34.29
15.76 -34.44 -32.82
15.76 -34.44 -32.82
17.60 -35.68 -34.27
17.60 -35.68 -34.27
18.43 -36.62 -33.61
18.43 -36.62 -33.61
18.43 -36.62 -33.61
20.02 -37.56 -32.51
20.02 -37.56 -32.51
19.98 -37.99 -32.02
21.92 -39.18 -31.43
21.92 -39.18 -31.43
25.95 -39.37 -30.00
25.95 -39.37 -30.00
29.72 -41.19 -27.94
29.72 -41.19 -27.94
29.72 -41.19 -27.94
33.44 -41.88 -25.43
33.44 -41.88 -25.43
36.01 -42.70 -21.97
36.01 -42.70 -21.97
36.91 -43.68 -19.54
36.91 -43.68 -19.54
35.97 -44.74 -19.06
35.97 -44.74 -19.06
35.97 -44.74 -19.06
35.16 -45.62 -18.26
35.16 -45.62 -18.26
34.74 -46.39 -16.82
34.74 -46.39 -16.82
34.46 -45.69 -17.11
34.46 -45.69 -17.11
35.85 -45.86 -16.04
35.85 -45.86 -16.04
35.85 -45.86 -16.04
36.15 -45.48 -16.64
36.15 -45.48 -16.64
34.92 -46.24 -16.89
34.92 -46.24 -16.89
33.97 -46.48 -16.66
33.97 -46.48 -16.66
33.97 -46.48 -17.55
34.27 -46.02 -17.55
34.27 -46.02 -17.55
35.18 -45.63 -16.74
35.18 -45.63 -16.74
35.13 -45.23 -16.74
35.13 -45.23 -16.74
35.50 -44.84 -15.88
35.50 -44.84 -15.88
35.50 -44.84 -15.88
35.46 -44.86 -15.26
35.46 -44.86 -15.26
35.93 -45.80 -12.68
35.93 -45.80 -12.68
34.50 -46.48 -10.63
34.50 -46.48 -10.63
32.42 -47.51 -6.79
32.42 -47.51 -6.79
32.42 -47.51 -6.79
29.47 -48.97 -6.86
29.47 -48.97 -6.86
26.33 -49.90 -6.38
26.33 -49.90 -6.38
21.57 -50.62 -7.79
21.57 -50.62 -7.79
21.57 -50.62 -7.79
18.15 -51.22 -9.34
18.15 -51.22 -9.34
17.54 -50.90 -12.23
17.54 -50.90 -12.23
18.27 -50.71 -14.73
18.27 -50.71 -14.73
18.27 -50.71 -14.73
18.18 -49.77 -16.92
18.18 -49.77 -16.92
18.95 -48.89 -20.13
18.95 -48.89 -20.13
19.30 -48.85 -21.47
19.30 -48.85 -21.47
19.30 -48.52 -20.90
20.47 -48.52 -20.90
20.47 -48.52 -20.90
20.76 -48.58 -20.52
20.76 -48.58 -20.52
22.51 -48.03 -21.52
22.51 -48.03 -21.52
25.87 -47.68 -21.86
25.87 -47.68 -21.86
25.87 -47.68 -21.86
29.77 -46.98 -21.55
29.77 -46.98 -21.55
32.10 -45.83 -22.53
32.10 -45.83 -22.53
34.62 -43.75 -23.17
34.62 -43.75 -23.17
35.85 -41.91 -23.90
35.85 -41.91 -23.90
35.85 -41.91 -23.90
37.06 -39.56 -25.17
37.06 -39.56 -25.17
38.07 -37.23 -25.72
38.07 -37.23 -25.72
39.01 -34.63 -26.64
39.01 -34.63 -26.64
39.20 -31.87 -27.51
39.20 -31.87 -27.51
39.20 -31.87 -27.51
40.36 -27.97 -28.15
40.36 -27.97 -28.15
40.50 -25.38 -28.02
40.50 -25.38 -28.02
39.07 -23.51 -29.74
39.07 -23.51 -29.74
36.73 -22.25 -31.19
36.73 -22.25 -31.19
36.73 -22.25 -31.19
35.90 -20.78 -31.01
35.90 -20.78 -31.01
35.38 -19.65 -30.63
35.38 -19.65 -30.63
35.45 -19.54 -31.38
35.45 -19.54 -31.38
34.52 -18.20 -31.51
34.52 -18.20 -31.51
34.52 -18.20 -31.51
33.50 -16.46 -32.32
33.50 -16.46 -32.32
32.50 -16.10 -32.46
32.50 -16.10 -32.46
30.74 -14.50 -33.64
30.74 -14.50 -33.64
28.16 -14.61 -32.64
28.16 -14.61 -32.64
28.16 -14.61 -32.64
25.79 -13.31 -34.44
25.79 -13.31 -34.44
19.32 -12.70 -35.28
19.32 -12.70 -35.28
15.23 -13.53 -35.58
15.23 -13.53 -35.58
15.23 -13.53 -35.58
11.15 -13.92 -34.57
11.15 -13.92 -34.57
9.80 -14.55 -35.14
9.80 -14.55 -35.14
9.33 -15.89 -34.88
9.33 -15.89 -34.88
9.55 -16.19 -35.71
9.55 -16.19 -35.71
9.55 -16.19 -35.71
8.12 -17.18 -34.79
8.12 -17.18 -34.79
4.70 -18.02 -34.28
4.70 -18.02 -34.28
4.70 -18.02 -34.28
2.60 -20.32 -33.80
2.60 -20.32 -33.80
1.49 -21.77 -32.51
1.49 -21.77 -32.51
1.87 -24.35 -32.19
1.87 -24.35 -32.19
1.87 -24.35 -32.19
3.70 -25.66 -33.68
3.70 -25.66 -33.68
4.14 -26.70 -32.76
4.14 -26.70 -32.76
5.25 -26.61 -33.26
5.25 -26.61 -33.26
5.25 -26.61 -33.26
7.03 -26.79 -33.92
7.03 -26.79 -33.92
7.47 -27.14 -34.05
7.47 -27.14 -34.05
7.47 -27.14 -34.05
7.04 -29.58 -33.24
7.04 -29.58 -33.24
7.26 -32.71 -32.53
7.26 -32.71 -32.53
6.43 -34.69 -32.34
6.43 -34.69 -32.34
6.43 -34.69 -32.34
7.26 -35.56 -31.01
7.26 -35.56 -31.01
8.68 -36.65 -31.62
8.68 -36.65 -31.62
9.57 -35.97 -31.93
9.57 -35.97 -31.93
9.57 -35.97 -31.93
11.40 -36.04 -33.97
11.40 -36.04 -33.97
13.37 -34.97 -33.15
13.37 -34.97 -33.15
14.88 -33.46 -35.31
14.88 -33.46 -35.31
14.88 -33.46 -35.31
16.04 -31.05 -35.46
16.04 -31.05 -35.46
19.56 -30.83 -34.89
19.56 -30.83 -34.89
21.90 -30.94 -35.10
21.90 -30.94 -35.10
24.26 -29.41 -35.66
24.26 -29.41 -35.66
24.26 -29.41 -35.66
25.73 -27.49 -35.13
25.73 -27.49 -35.13
24.54 -24.40 -35.51
24.54 -24.40 -35.51
24.35 -22.52 -35.28
24.35 -22.52 -35.28
24.65 -20.96 -36.04
24.65 -20.96 -36.04
24.65 -20.96 -36.04
24.74 -20.04 -34.29
24.74 -20.04 -34.29
24.88 -20.46 -34.62
24.88 -20.46 -34.62
24.01 -20.50 -34.77
24.01 -20.50 -34.77
24.01 -20.50 -34.90
25.45 -21.67 -34.90
25.45 -21.67 -34.90
26.11 -22.23 -34.59
26.11 -22.23 -34.59
26.53 -24.12 -34.44
26.53 -24.12 -34.44
26.39 -27.66 -33.67
26.39 -27.66 -33.67
26.39 -27.66 -33.67
27.77 -31.09 -32.71
27.77 -31.09 -32.71
26.27 -34.25 -33.52
26.27 -34.25 -33.52
22.74 -36.65 -31.90
22.74 -36.65 -31.90
19.18 -38.40 -31.37
19.18 -38.40 -31.37
19.18 -38.40 -31.37
16.19 -39.29 -30.94
16.19 -39.29 -30.94
13.12 -40.52 -30.64
13.12 -40.52 -30.64
9.81 -38.96 -30.40
9.81 -38.96 -30.40
5.27 -37.29 -29.37
5.27 -37.29 -29.37
5.27 -37.29 -29.37
1.83 -34.19 -29.08
1.83 -34.19 -29.08
-1.03 -30.96 -29.22
-1.03 -30.96 -29.22
-0.45 -28.94 -29.39
-0.45 -28.94 -29.39
-0.45 -28.94 -29.39
-1.97 -26.09 -31.24
-1.97 -26.09 -31.24
-1.88 -22.41 -31.08
-1.88 -22.41 -31.08
-2.72 -19.95 -30.55
-2.72 -19.95 -30.55
-2.72 -19.95 -30.55
-2.76 -15.48 -30.57
-2.76 -15.48 -30.57
-2.51 -13.00 -29.61
-2.51 -13.00 -29.61
-3.17 -9.96 -28.69
-3.17 -9.96 -28.69
-3.56 -7.14 -26.45
-3.56 -7.14 -26.45
-3.56 -7.14 -26.45
-1.67 -3.72 -27.55
-1.67 -3.72 -27.55
1.00 -0.83 -27.47
1.00 -0.83 -27.47
1.00 -0.83 -27.47
3.22 2.84 -24.77
3.22 2.84 -24.77
5.21 5.81 -22.17
5.21 5.81 -22.17
5.21 5.81 -22.17
8.31 9.07 -20.12
8.31 9.07 -20.12
12.65 10.72 -17.15
12.65 10.72 -17.15
12.65 10.72 -17.15
17.24 12.39 -15.75
17.24 12.39 -15.75
22.75 11.51 -15.94
22.75 11.51 -15.94
22.75 11.51 -15.94
28.06 11.07 -13.06
28.06 11.07 -13.06
31.95 9.62 -12.92
31.95 9.62 -12.92
33.64 8.06 -10.52
33.64 8.06 -10.52
33.64 8.06 -10.52
34.66 7.65 -12.16
34.66 7.65 -12.16
35.06 7.41 -12.51
35.06 7.41 -12.51
35.06 7.41 -12.51
35.83 6.18 -13.94
35.83 6.18 -13.94
37.46 4.31 -15.12
37.46 4.31 -15.12
37.46 4.31 -15.12
41.09 0.89 -16.16
41.09 0.89 -16.16
42.64 -0.73 -17.04
42.64 -0.73 -17.04
42.64 -0.73 -17.04
41.41 -1.51 -18.96
41.41 -1.51 -18.96
40.63 -3.10 -21.02
40.63 -3.10 -21.02
40.63 -3.10 -21.02
42.24 -5.05 -21.90
42.24 -5.05 -21.90
42.97 -8.11 -22.24
42.97 -8.11 -22.24
42.92 -10.84 -24.17
42.92 -10.84 -24.17
42.92 -10.84 -24.17
41.78 -12.87 -26.59
41.78 -12.87 -26.59
41.48 -13.18 -27.73
41.48 -13.18 -27.73
41.91 -13.04 -28.16
41.91 -13.04 -28.16
41.28 -15.84 -27.42
41.28 -15.84 -27.42
41.28 -15.84 -27.42
40.64 -17.22 -28.58
40.64 -17.22 -28.58
38.92 -18.36 -31.56
38.92 -18.36 -31.56
37.30 -19.45 -33.03
37.30 -19.45 -33.03
34.97 -19.35 -32.82
34.97 -19.35 -32.82
34.97 -19.35 -32.82
32.87 -19.47 -33.40
32.87 -19.47 -33.40
31.99 -19.03 -33.91
31.99 -19.03 -33.91
30.75 -17.57 -35.86
30.75 -17.57 -35.86
29.93 -17.63 -35.97
29.93 -17.63 -35.97
29.93 -17.63 -35.97
28.09 -17.54 -35.51
28.09 -17.54 -35.51
26.09 -17.87 -36.61
26.09 -17.87 -36.61
24.37 -17.90 -36.34
24.37 -17.90 -36.34
22.79 -17.81 -37.48
22.79 -17.81 -37.48
22.79 -17.81 -37.48
21.17 -18.73 -37.00
21.17 -18.73 -37.00
19.46 -18.66 -37.08
19.46 -18.66 -37.08
16.85 -17.22 -37.21
16.85 -17.22 -37.21
16.85 -17.22 -37.21
12.50 -14.87 -36.55
12.50 -14.87 -36.55
9.14 -14.10 -35.18
9.14 -14.10 -35.18
6.07 -11.52 -33.09
6.07 -11.52 -33.09
3.70 -8.44 -30.73
3.70 -8.44 -30.73
3.70 -8.44 -30.73
3.83 -4.97 -29.37
3.83 -4.97 -29.37
4.20 -2.62 -28.53
4.20 -2.62 -28.53
4.20 -2.62 -28.53
4.53 0.11 -26.15
4.53 0.11 -26.15
4.53 0.11 -26.15
4.57 3.75 -23.71
4.57 3.75 -23.71
5.10 6.73 -20.83
5.10 6.73 -20.83
5.10 6.73 -20.83
6.84 9.36 -16.76
6.84 9.36 -16.76
6.84 10.66 -16.80
8.23 10.66 -16.80
8.23 10.66 -16.80
9.64 11.98 -14.03
9.64 11.98 -14.03
9.64 13.18 -10.39
9.66 13.18 -10.39
9.66 13.18 -10.39
10.52 13.33 -8.42
10.52 13.33 -8.42
10.52 13.46 -7.06
11.55 13.46 -7.06
11.55 13.46 -7.06
12.95 14.03 -6.35
12.95 14.03 -6.35
12.95 13.57 -5.55
13.26 13.57 -5.55
13.26 13.57 -5.55
11.34 13.27 -5.68
11.34 13.27 -5.68
10.74 13.92 -7.01
10.74 13.92 -7.01
10.74 13.92 -7.01
9.19 12.93 -7.19
9.19 12.93 -7.19
9.19 12.93 -7.19
7.18 12.46 -8.45
7.18 12.46 -8.45
6.12 11.04 -12.38
6.12 11.04 -12.38
6.12 11.04 -12.38
4.52 9.27 -15.38
4.52 9.27 -15.38
3.71 7.71 -18.99
3.71 7.71 -18.99
3.71 7.71 -18.99
3.60 5.31 -22.71
3.60 5.31 -22.71
3.60 5.31 -22.71
4.11 2.78 -25.85
4.11 2.78 -25.85
4.26 0.43 -26.93
4.26 0.43 -26.93
4.26 0.43 -26.93
4.72 -1.60 -28.63
4.72 -1.60 -28.63
5.04 -3.14 -31.05
5.04 -3.14 -31.05
5.04 -3.14 -31.05
4.25 -4.97 -30.70
4.25 -4.97 -30.70
4.50 -6.43 -30.80
4.50 -6.43 -30.80
4.50 -6.43 -30.80
5.38 -7.30 -32.37
5.38 -7.30 -32.37
6.79 -8.12 -32.58
6.79 -8.12 -32.58
6.79 -8.12 -32.58
9.99 -9.06 -34.23
9.99 -9.06 -34.23
12.02 -9.91 -35.17
12.02 -9.91 -35.17
12.02 -9.91 -35.17
13.49 -9.94 -35.63
13.49 -9.94 -35.63
13.99 -9.78 -35.90
13.99 -9.78 -35.90
13.99 -9.78 -35.90
15.44 -10.45 -35.52
15.44 -10.45 -35.52
16.81 -11.17 -35.40
16.81 -11.17 -35.40
18.41 -10.95 -36.58
18.41 -10.95 -36.58
20.95 -11.49 -36.11
20.95 -11.49 -36.11
20.95 -11.49 -36.11
24.01 -10.79 -35.46
24.01 -10.79 -35.46
25.01 -9.59 -35.14
25.01 -9.59 -35.14
24.76 -8.13 -34.47
24.76 -8.13 -34.47
24.76 -8.13 -34.47
26.12 -6.53 -33.67
26.12 -6.53 -33.67
27.04 -3.59 -31.04
27.04 -3.59 -31.04
26.93 -1.37 -30.41
26.93 -1.37 -30.41
26.93 -1.37 -30.41
24.80 -1.04 -30.93
24.80 -1.04 -30.93
23.36 -0.26 -30.05
23.36 -0.26 -30.05
22.90 2.86 -27.64
22.90 2.86 -27.64
22.90 2.86 -27.64
22.62 3.36 -27.01
22.62 3.36 -27.01
24.32 4.61 -25.05
24.32 4.61 -25.05
24.32 4.61 -25.05
25.15 5.00 -23.36
25.15 5.00 -23.36
26.15 5.63 -24.12
26.15 5.63 -24.12
26.15 5.63 -24.12
26.54 6.58 -21.81
26.54 6.58 -21.81
26.90 7.80 -19.69
26.90 7.80 -19.69
26.90 7.80 -19.69
26.55 6.91 -20.94
26.55 6.91 -20.94
26.31 6.99 -22.44
26.31 6.99 -22.44
26.31 6.99 -22.44
26.31 7.52 -21.40
26.31 7.52 -21.40
25.88 8.61 -20.85
25.88 8.61 -20.85
25.88 8.61 -20.85
25.72 9.58 -18.04
25.72 9.58 -18.04
25.31 10.56 -17.15
25.31 10.56 -17.15
25.31 10.56 -17.15
24.98 11.23 -15.81
24.98 11.23 -15.81
22.84 11.98 -13.89
22.84 11.98 -13.89
22.84 11.98 -13.89
20.26 12.46 -13.70
20.26 12.46 -13.70
17.21 13.07 -13.29
17.21 13.07 -13.29
13.38 12.62 -14.17
13.38 12.62 -14.17
13.38 12.62 -14.17
11.24 12.33 -12.92
11.24 12.33 -12.92
10.86 13.00 -12.21
10.86 13.00 -12.21
9.58 12.54 -10.95
9.58 12.54 -10.95
9.58 12.54 -10.95
7.78 11.77 -11.66
7.78 11.77 -11.66
6.13 11.66 -10.44
6.13 11.66 -10.44
6.13 11.66 -10.44
3.43 10.66 -10.45
3.43 10.66 -10.45
1.76 9.46 -11.94
1.76 9.46 -11.94
1.76 9.46 -11.94
0.87 8.67 -11.95
0.87 8.67 -11.95
0.87 8.67 -11.95
0.39 8.46 -11.15
0.39 8.46 -11.15
-0.56 7.76 -13.60
-0.56 7.76 -13.60
-0.56 7.76 -13.60
-0.10 7.24 -15.14
-0.10 7.24 -15.14
-0.32 7.14 -16.06
-0.32 7.14 -16.06
-0.32 7.14 -16.06
0.23 7.10 -17.72
0.23 7.10 -17.72
1.65 6.90 -19.01
1.65 6.90 -19.01
1.65 6.90 -19.01
2.51 6.84 -18.57
2.51 6.84 -18.57
2.51 6.84 -18.57
3.27 6.58 -20.28
3.27 6.58 -20.28
4.19 5.81 -20.92
4.19 5.81 -20.92
4.19 5.81 -20.92
4.59 6.21 -21.51
4.59 6.21 -21.51
4.59 6.21 -21.51
5.71 6.60 -22.05
5.71 6.60 -22.05
4.87 6.30 -21.13
4.87 6.30 -21.13
4.87 6.30 -21.13
4.77 5.38 -22.62
4.77 5.38 -22.62
4.77 6.12 -21.67
4.42 6.12 -21.67
4.42 6.12 -21.67
6.30 5.93 -22.05
6.30 5.93 -22.05
6.30 5.93 -22.05
5.65 5.42 -22.55
5.65 5.42 -22.55
5.52 5.43 -23.74
5.52 5.43 -23.74
5.52 5.43 -23.74
6.31 4.47 -23.99
6.31 4.47 -23.99
6.31 4.47 -23.99
7.45 5.81 -24.30
7.45 5.81 -24.30
9.50 7.39 -22.77
9.50 7.39 -22.77
9.50 7.39 -22.77
10.06 8.15 -22.12
10.06 8.15 -22.12
10.71 7.95 -22.57
10.71 7.95 -22.57
10.71 7.95 -22.57
12.32 7.80 -23.17
12.32 7.80 -23.17
14.81 7.09 -24.78
14.81 7.09 -24.78
14.81 7.09 -24.78
17.05 5.65 -25.63
17.05 5.65 -25.63
19.20 5.75 -26.31
19.20 5.75 -26.31
19.20 5.75 -26.31
21.19 4.72 -26.22
21.19 4.72 -26.22
21.59 4.83 -25.76
21.59 4.83 -25.76
21.59 4.83 -25.76
22.11 6.47 -25.40
22.11 6.47 -25.40
23.24 7.76 -22.67
23.24 7.76 -22.67
23.24 7.76 -22.67
24.19 8.36 -21.50
24.19 8.36 -21.50
25.51 8.13 -21.07
25.51 8.13 -21.07
25.51 8.13 -21.07
27.25 8.37 -20.43
27.25 8.37 -20.43
27.31 8.31 -20.14
27.31 8.31 -20.14
27.31 8.31 -20.14
27.82 7.53 -21.18
27.82 7.53 -21.18
27.93 7.75 -20.74
27.93 7.75 -20.74
27.93 7.75 -20.74
28.89 7.40 -20.07
28.89 7.40 -20.07
28.52 8.00 -21.07
28.52 8.00 -21.07
28.52 8.00 -21.07
29.43 7.89 -18.97
29.43 7.89 -18.97
28.86 7.59 -19.26
28.86 7.59 -19.26
28.86 7.59 -19.26
28.10 7.96 -19.78
28.10 7.96 -19.78
27.55 7.36 -21.18
27.55 7.36 -21.18
27.55 7.36 -21.18
26.66 7.73 -22.28
26.66 7.73 -22.28
26.76 6.12 -23.19
26.76 6.12 -23.19
26.76 6.12 -23.19
26.90 5.19 -23.38
26.90 5.19 -23.38
29.13 2.77 -25.37
29.13 2.77 -25.37
29.13 2.77 -25.37
29.61 2.17 -25.54
29.61 2.17 -25.54
29.97 2.20 -25.72
29.97 2.20 -25.72
29.97 2.20 -25.72
30.82 1.28 -26.59
30.82 1.28 -26.59
31.98 -1.56 -27.50
31.98 -1.56 -27.50
31.98 -1.56 -27.50
32.12 -3.91 -28.94
32.12 -3.91 -28.94
33.35 -7.29 -28.82
33.35 -7.29 -28.82
33.35 -7.29 -28.82
33.87 -6.58 -29.65
33.87 -6.58 -29.65
35.08 -8.28 -29.09
35.08 -8.28 -29.09
36.87 -10.95 -29.79
36.87 -10.95 -29.79
36.87 -10.95 -29.79
38.16 -14.28 -29.54
38.16 -14.28 -29.54
38.96 -15.41 -28.67
38.96 -15.41 -28.67
39.77 -15.22 -28.89
39.77 -15.22 -28.89
40.99 -14.65 -27.26
40.99 -14.65 -27.26
40.99 -14.65 -27.26
41.93 -15.05 -26.99
41.93 -15.05 -26.99
42.61 -14.09 -25.45
42.61 -14.09 -25.45
43.75 -13.95 -24.01
43.75 -13.95 -24.01
44.93 -14.04 -22.24
44.93 -14.04 -22.24
44.93 -14.04 -22.24
45.74 -14.87 -20.70
45.74 -14.87 -20.70
47.08 -15.86 -18.40
47.08 -15.86 -18.40
48.52 -17.21 -14.15
48.52 -17.21 -14.15
49.41 -19.08 -12.65
49.41 -19.08 -12.65
49.41 -19.08 -12.65
49.18 -20.89 -11.24
49.18 -20.89 -11.24
49.78 -22.07 -9.48
49.78 -22.07 -9.48
49.67 -25.83 -9.48
49.67 -25.83 -9.48
49.67 -25.83 -9.48
49.18 -28.69 -9.40
49.18 -28.69 -9.40
47.90 -30.74 -5.58
47.90 -30.74 -5.58
46.61 -31.51 -1.60
46.61 -31.51 -1.60
46.61 -31.51 -1.60
44.73 -33.68 2.76
44.73 -33.68 2.76
41.96 -34.96 6.21
41.96 -34.96 6.21
41.96 -34.96 6.21
40.21 -37.16 6.53
40.21 -37.16 6.53
38.65 -39.04 6.12
38.65 -39.04 6.12
38.65 -39.04 6.12
37.45 -41.87 4.24
37.45 -41.87 4.24
36.00 -44.53 0.76
36.00 -44.53 0.76
36.00 -44.53 0.76
34.73 -47.23 -1.84
34.73 -47.23 -1.84
33.78 -48.44 -6.20
33.78 -48.44 -6.20
33.78 -48.44 -8.75
34.45 -48.17 -8.75
34.45 -48.17 -8.75
34.81 -48.29 -12.27
34.81 -48.29 -12.27
35.07 -47.27 -15.41
35.07 -47.27 -15.41
36.47 -46.67 -18.62
36.47 -46.67 -18.62
36.47 -46.67 -18.62
37.22 -44.25 -20.78
37.22 -44.25 -20.78
37.87 -41.24 -24.88
37.87 -41.24 -24.88
37.67 -37.33 -27.65
37.67 -37.33 -27.65
36.15 -35.34 -31.12
36.15 -35.34 -31.12
36.15 -35.34 -31.12
34.20 -33.37 -33.65
34.20 -33.37 -33.65
31.62 -31.95 -34.19
31.62 -31.95 -34.19
29.52 -30.55 -35.74
29.52 -30.55 -35.74
29.52 -30.55 -36.27
27.00 -29.44 -36.27
27.00 -29.44 -36.27
25.78 -27.84 -36.19
25.78 -27.84 -36.19
24.80 -25.37 -37.46
24.80 -25.37 -37.46
22.56 -23.02 -37.96
22.56 -23.02 -37.96
22.56 -23.02 -37.96
21.44 -22.03 -36.77
21.44 -22.03 -36.77
21.29 -22.80 -37.05
21.29 -22.80 -37.05
20.50 -23.68 -37.07
20.50 -23.68 -37.07
18.58 -22.69 -35.86
18.58 -22.69 -35.86
18.58 -22.69 -35.86
16.76 -20.69 -36.47
16.76 -20.69 -36.47
15.59 -19.08 -36.99
15.59 -19.08 -36.99
15.54 -16.83 -36.30
15.54 -16.83 -36.30
14.39 -11.88 -36.24
14.39 -11.88 -36.24
14.39 -11.88 -36.24
13.89 -7.10 -33.56
13.89 -7.10 -33.56
11.43 -1.93 -31.03
11.43 -1.93 -31.03
9.42 3.37 -26.07
9.42 3.37 -26.07
9.42 3.37 -26.07
7.80 6.86 -20.06
7.80 6.86 -20.06
7.80 6.86 -20.06
8.25 9.25 -18.29
8.25 9.25 -18.29
8.35 10.01 -16.32
8.35 10.01 -16.32
8.35 10.01 -16.32
9.44 11.08 -13.01
9.44 11.08 -13.01
10.83 12.49 -8.41
10.83 12.49 -8.41
10.83 12.49 -8.41
14.32 13.46 -2.87
14.32 13.46 -2.87
16.46 13.04 -0.20
16.46 13.04 -0.20
16.46 13.04 -0.20
19.36 12.71 1.09
19.36 12.71 1.09
22.19 11.51 2.19
22.19 11.51 2.19
22.19 11.51 2.19
26.34 10.50 3.14
26.34 10.50 3.14
26.34 10.50 3.14
30.05 8.13 4.04
30.05 8.13 4.04
34.08 6.21 5.11
34.08 6.21 5.11
34.08 6.21 5.11
36.61 4.75 2.89
36.61 4.75 2.89
36.61 4.75 2.89
39.17 3.25 1.86
39.17 3.25 1.86
39.17 3.25 1.86
41.61 2.11 -0.60
41.61 2.11 -0.60
43.26 1.43 -4.00
43.26 1.43 -4.00
43.26 1.43 -4.00
42.91 1.38 -6.47
42.91 1.38 -6.47
42.91 1.38 -6.47
43.52 0.79 -9.41
43.52 0.79 -9.41
43.29 0.65 -12.02
43.29 0.65 -12.02
43.29 0.65 -12.02
43.81 -1.81 -15.64
43.81 -1.81 -15.64
44.52 -4.90 -20.12
44.52 -4.90 -20.12
44.52 -4.90 -20.12
45.19 -10.55 -21.36
45.19 -10.55 -21.36
44.91 -16.43 -25.60
44.91 -16.43 -25.60
43.65 -21.79 -26.14
43.65 -21.79 -26.14
41.81 -26.68 -27.28
41.81 -26.68 -27.28
41.81 -26.68 -27.28
39.71 -30.80 -28.94
39.71 -30.80 -28.94
38.31 -33.22 -27.58
38.31 -33.22 -27.58
36.34 -37.24 -27.56
36.34 -37.24 -27.56
35.35 -39.20 -27.08
35.35 -39.20 -27.08
35.35 -39.20 -27.08
33.46 -40.04 -26.95
33.46 -40.04 -26.95
33.41 -41.04 -26.97
33.41 -41.04 -26.97
31.92 -42.65 -25.49
31.92 -42.65 -25.49
31.38 -45.61 -21.46
31.38 -45.61 -21.46
31.38 -45.61 -21.46
31.36 -47.39 -17.74
31.36 -47.39 -17.74
32.43 -47.47 -17.44
32.43 -47.47 -17.44
34.72 -46.42 -17.68
34.72 -46.42 -17.68
34.72 -46.42 -17.68
36.34 -45.45 -15.83
36.34 -45.45 -15.83
37.40 -44.20 -15.75
37.40 -44.20 -15.75
40.26 -41.99 -15.39
40.26 -41.99 -15.39
41.28 -40.27 -12.85
41.28 -40.27 -12.85
41.28 -40.27 -12.85
43.40 -38.67 -12.11
43.40 -38.67 -12.11
44.15 -36.80 -13.44
44.15 -36.80 -13.44
45.30 -34.89 -13.22
45.30 -34.89 -13.22
46.75 -32.85 -12.23
46.75 -32.85 -12.23
46.75 -32.85 -12.23
47.80 -29.69 -12.15
47.80 -29.69 -12.15
48.36 -27.00 -12.45
48.36 -27.00 -12.45
48.91 -24.84 -12.34
48.91 -24.84 -12.34
49.16 -21.86 -11.13
49.16 -21.86 -11.13
49.16 -21.86 -11.13
49.63 -18.04 -8.69
49.63 -18.04 -8.69
48.85 -14.14 -6.63
48.85 -14.14 -6.63
48.13 -9.24 -3.74
48.13 -9.24 -3.74
48.13 -9.24 -3.74
44.92 -4.58 1.16
44.92 -4.58 1.16
39.93 -0.81 5.27
39.93 -0.81 5.27
39.93 -0.81 5.27
36.01 2.73 7.15
36.01 2.73 7.15
36.01 2.73 7.15
32.42 3.45 8.97
32.42 3.45 8.97
32.42 3.45 8.97
28.32 3.96 11.12
28.32 3.96 11.12
23.10 4.03 13.05
23.10 4.03 13.05
23.10 4.03 13.05
19.07 3.66 15.21
19.07 3.66 15.21
19.07 3.66 15.21
16.25 1.11 17.48
16.25 1.11 17.48
13.92 -3.30 19.24
13.92 -3.30 19.24
13.92 -3.30 19.24
11.77 -8.06 21.39
11.77 -8.06 21.39
11.29 -13.72 22.09
11.29 -13.72 22.09
11.29 -13.72 22.09
9.96 -17.44 22.90
9.96 -17.44 22.90
9.78 -20.26 22.34
9.78 -20.26 22.34
9.78 -20.26 22.34
9.18 -23.89 22.91
9.18 -23.89 22.91
8.69 -29.21 22.08
8.69 -29.21 22.08
8.69 -29.21 22.08
8.25 -33.02 21.25
8.25 -33.02 21.25
7.65 -36.57 17.11
7.65 -36.57 17.11
7.65 -36.57 17.11
6.60 -40.75 15.84
6.60 -40.75 15.84
5.44 -44.12 10.84
5.44 -44.12 10.84
5.44 -44.12 10.84
5.37 -46.72 5.69
5.37 -46.72 5.69
5.94 -48.58 0.15
5.94 -48.58 0.15
5.94 -48.58 0.15
7.65 -49.72 -5.79
7.65 -49.72 -5.79
8.61 -50.06 -10.78
8.61 -50.06 -10.78
8.61 -50.06 -10.78
10.22 -48.66 -15.87
10.22 -48.66 -15.87
10.88 -46.86 -19.92
10.88 -46.86 -19.92
10.78 -44.84 -23.83
10.78 -44.84 -23.83
10.78 -44.84 -26.95
10.29 -43.63 -25.11
10.29 -43.63 -25.11
10.24 -42.14 -26.64
10.24 -42.14 -26.64
9.67 -41.55 -26.61
9.67 -41.55 -26.61
9.14 -41.92 -25.42
9.14 -41.92 -25.42
9.14 -41.92 -25.42
10.02 -44.51 -23.47
10.02 -44.51 -23.47
11.94 -48.06 -18.21
11.94 -48.06 -18.21
12.84 -51.17 -10.39
12.84 -51.17 -10.39
12.84 -51.17 -10.39
14.28 -51.38 -0.17
14.28 -51.38 -0.17
15.61 -47.81 8.63
15.61 -47.81 8.63
15.73 -41.24 15.83
15.73 -41.24 15.83
15.73 -41.24 15.83
15.61 -35.63 19.48
15.61 -35.63 19.48
15.34 -29.68 22.30
15.34 -29.68 22.30
15.73 -22.29 22.85
15.73 -22.29 22.85
15.73 -22.29 22.85
16.21 -13.98 23.06
16.21 -13.98 23.06
16.93 -7.28 20.37
16.93 -7.28 20.37
16.93 -7.28 20.37
17.20 -0.48 17.38
17.20 -0.48 17.38
18.08 3.69 14.99
18.08 3.69 14.99
18.08 3.69 14.99
19.52 7.37 10.99
19.52 7.37 10.99
20.61 9.85 6.58
20.61 9.85 6.58
20.61 9.85 6.58
22.50 11.54 2.92
22.50 11.54 2.92
22.50 11.54 2.92
26.44 12.92 -2.70
26.44 12.92 -2.70
28.54 11.93 -7.40
28.54 11.93 -7.40
28.54 11.93 -7.40
30.65 10.13 -10.44
30.65 10.13 -10.44
34.67 7.47 -12.76
34.67 7.47 -12.76
34.67 7.47 -12.76
37.68 4.58 -15.53
37.68 4.58 -15.53
40.54 -1.14 -19.13
40.54 -1.14 -19.13
40.54 -1.14 -19.13
42.50 -7.89 -23.19
42.50 -7.89 -23.19
42.98 -13.96 -23.78
42.98 -13.96 -23.78
42.85 -18.74 -26.66
42.85 -18.74 -26.66
42.85 -18.74 -26.66
41.46 -21.84 -27.00
41.46 -21.84 -27.00
41.60 -23.13 -26.86
41.60 -23.13 -26.86
42.18 -25.02 -26.28
42.18 -25.02 -26.28
41.35 -28.76 -26.61
41.35 -28.76 -26.61
41.35 -28.76 -26.61
40.89 -31.48 -26.89
40.89 -31.48 -26.89
41.16 -32.80 -25.54
41.16 -32.80 -25.54
40.75 -34.18 -25.55
40.75 -34.18 -25.55
40.48 -34.62 -25.50
40.48 -34.62 -25.50
40.48 -34.62 -25.50
40.25 -34.77 -26.64
40.25 -34.77 -26.64
39.76 -33.83 -28.96
39.76 -33.83 -28.96
34.73 -33.12 -32.56
34.73 -33.12 -32.56
30.49 -32.43 -33.58
30.49 -32.43 -33.58
30.49 -32.43 -33.58
25.44 -32.68 -36.93
25.44 -32.68 -36.93
17.70 -31.49 -38.00
17.70 -31.49 -38.00
10.62 -30.44 -36.38
10.62 -30.44 -36.38
10.62 -30.44 -36.38
3.41 -27.20 -33.89
3.41 -27.20 -33.89
-2.70 -25.11 -30.94
-2.70 -25.11 -30.94
-6.13 -23.08 -27.89
-6.13 -23.08 -27.89
-8.52 -20.86 -25.56
-8.52 -20.86 -25.56
-8.52 -20.86 -25.56
-10.30 -18.38 -23.19
-10.30 -18.38 -23.19
-10.90 -14.70 -20.40
-10.90 -14.70 -20.40
-9.78 -12.95 -20.57
-9.78 -12.95 -20.57
-8.54 -11.17 -22.50
-8.54 -11.17 -22.50
-8.54 -11.17 -22.40
-8.12 -9.52 -22.40
-8.12 -9.52 -22.40
-6.85 -6.25 -20.92
-6.85 -6.25 -20.92
-5.75 -3.43 -20.51
-5.75 -3.43 -20.51
-5.75 -3.43 -20.51
-2.51 -0.89 -21.08
-2.51 -0.89 -21.08
0.06 1.39 -21.75
0.06 1.39 -21.75
0.06 1.39 -21.75
4.14 4.64 -22.66
4.14 4.64 -22.66
8.63 6.31 -22.42
8.63 6.31 -22.42
8.63 6.31 -22.42
12.24 8.62 -20.70
12.24 8.62 -20.70
15.50 10.72 -17.61
15.50 10.72 -17.61
15.50 10.72 -17.61
19.36 11.54 -15.19
19.36 11.54 -15.19
23.32 11.50 -14.69
23.32 11.50 -14.69
28.19 10.73 -13.42
28.19 10.73 -13.42
28.19 10.73 -13.42
31.88 9.59 -11.87
31.88 9.59 -11.87
33.28 9.35 -8.53
33.28 9.35 -8.53
33.28 9.35 -8.53
35.19 8.40 -5.19
35.19 8.40 -5.19
35.19 8.40 -5.19
36.44 7.14 -1.92
36.44 7.14 -1.92
37.74 4.42 1.66
37.74 4.42 1.66
37.74 4.42 1.66
38.81 2.53 4.46
38.81 2.53 4.46
38.81 2.53 4.46
39.14 -0.87 7.21
39.14 -0.87 7.21
38.90 -3.15 9.55
38.90 -3.15 9.55
38.90 -3.15 9.55
39.07 -5.25 10.41
39.07 -5.25 10.41
39.07 -5.25 10.41
38.85 -6.85 12.05
38.85 -6.85 12.05
37.94 -9.40 14.05
37.94 -9.40 14.05
37.94 -9.40 14.05
37.45 -10.28 14.99
37.45 -10.28 14.99
36.65 -12.76 15.70
36.65 -12.76 15.70
35.97 -13.22 17.37
35.97 -13.22 17.37
35.97 -13.22 17.37
34.57 -14.26 18.46
34.57 -14.26 18.46
33.70 -15.69 19.10
33.70 -15.69 19.10
33.70 -15.36 18.79
31.70 -15.36 18.79
31.70 -15.36 18.79
30.79 -13.07 19.67
30.79 -13.07 19.67
30.00 -8.98 18.44
30.00 -8.98 18.44
30.00 -8.98 18.44
28.34 -3.71 18.24
28.34 -3.71 18.24
26.33 1.93 14.65
26.33 1.93 14.65
26.33 1.93 14.65
25.10 5.97 11.47
25.10 5.97 11.47
24.04 8.80 7.93
24.04 8.80 7.93
24.04 8.80 7.93
22.83 10.72 4.33
22.83 10.72 4.33
22.83 10.72 4.33
20.97 12.99 -2.33
20.97 12.99 -2.33
19.70 13.65 -10.34
19.70 13.65 -10.34
19.70 13.65 -10.34
19.75 10.75 -17.38
19.75 10.75 -17.38
19.57 7.08 -23.88
19.57 7.08 -23.88
19.57 7.08 -23.88
19.42 4.32 -25.67
19.42 4.32 -25.67
19.15 2.11 -27.40
19.15 2.11 -27.40
19.15 2.11 -27.40
18.04 -1.60 -30.02
18.04 -1.60 -30.02
18.55 -4.43 -31.99
18.55 -4.43 -31.99
18.97 -9.47 -33.35
18.97 -9.47 -33.35
18.97 -9.47 -33.35
20.98 -16.10 -34.45
20.98 -16.10 -34.45
24.29 -18.86 -35.38
24.29 -18.86 -35.38
28.20 -21.72 -32.95
28.20 -21.72 -32.95
28.20 -21.72 -32.95
32.07 -24.22 -32.39
32.07 -24.22 -32.39
35.60 -26.70 -30.68
35.60 -26.70 -30.68
38.57 -29.09 -27.47
38.57 -29.09 -27.47
41.02 -31.51 -24.55
41.02 -31.51 -24.55
41.02 -31.51 -24.55
42.77 -33.51 -19.80
42.77 -33.51 -19.80
44.79 -34.94 -14.25
44.79 -34.94 -14.25
44.41 -35.51 -12.18
44.41 -35.51 -12.18
43.48 -36.93 -10.47
43.48 -36.93 -10.47
43.48 -36.93 -10.47
44.36 -37.01 -8.78
44.36 -37.01 -8.78
43.69 -37.92 -9.39
43.69 -37.92 -9.39
43.95 -38.07 -8.45
43.95 -38.07 -8.45
43.95 -38.07 -8.45
42.94 -38.35 -8.07
42.94 -38.35 -8.07
43.27 -39.88 -7.86
43.27 -39.88 -7.86
43.27 -39.88 -7.86
42.61 -40.67 -7.65
42.61 -40.67 -7.65
41.00 -42.50 -7.07
41.00 -42.50 -7.07
40.41 -43.51 -6.69
40.41 -43.51 -6.69
40.41 -43.51 -6.69
39.88 -42.29 -4.54
39.88 -42.29 -4.54
39.97 -41.97 -2.53
39.97 -41.97 -2.53
39.65 -40.81 1.97
39.65 -40.81 1.97
39.65 -40.81 1.97
39.37 -39.84 5.02
39.37 -39.84 5.02
38.39 -37.02 9.14
38.39 -37.02 9.14
38.39 -37.02 9.14
37.74 -34.89 11.01
37.74 -34.89 11.01
37.11 -31.81 14.14
37.11 -31.81 14.14
37.11 -31.81 14.14
36.08 -28.94 15.99
36.08 -28.94 15.99
35.58 -26.62 17.43
35.58 -26.62 17.43
34.50 -25.78 18.37
34.50 -25.78 18.37
34.50 -25.78 18.37
35.73 -24.89 17.99
35.73 -24.89 17.99
35.99 -26.39 17.33
35.99 -26.39 17.33
35.99 -26.39 17.33
36.49 -28.61 16.81
36.49 -28.61 16.81
35.41 -32.25 17.96
35.41 -32.25 17.96
33.81 -31.91 19.43
33.81 -31.91 19.43
33.81 -31.91 19.43
31.57 -30.11 21.07
31.57 -30.11 21.07
32.86 -25.77 21.78
32.86 -25.77 21.78
34.95 -19.73 20.13
34.95 -19.73 20.13
34.95 -19.73 20.13
35.86 -14.36 18.90
35.86 -14.36 18.90
37.37 -10.29 16.41
37.37 -10.29 16.41
37.37 -10.29 16.41
36.90 -7.91 15.76
36.90 -7.91 15.76
38.01 -5.65 13.24
38.01 -5.65 13.24
39.83 -3.99 10.64
39.83 -3.99 10.64
39.83 -3.99 10.64
40.52 -4.02 10.14
40.52 -4.02 10.14
41.80 -4.83 9.13
41.80 -4.83 9.13
41.80 -4.83 9.13
42.71 -4.32 7.40
42.71 -4.32 7.40
42.71 -4.32 7.40
42.97 -3.78 4.86
42.97 -3.78 4.86
44.30 -2.83 2.44
44.30 -2.83 2.44
44.30 -2.83 2.44
44.41 -3.04 1.26
44.41 -3.04 1.26
44.41 -3.04 1.26
44.82 -3.64 0.29
44.82 -3.64 0.29
44.87 -2.97 0.52
44.87 -2.97 0.52
44.87 -2.97 0.52
45.12 -3.04 -1.14
45.12 -3.04 -1.14
45.73 -4.33 -1.22
45.73 -4.33 -1.22
45.73 -4.33 -1.22
46.92 -4.77 -4.96
46.92 -4.77 -4.96
48.11 -7.15 -8.57
48.11 -7.15 -8.57
48.11 -7.15 -8.57
49.37 -10.39 -12.17
49.37 -10.39 -12.17
49.22 -14.47 -15.77
49.22 -14.47 -15.77
49.22 -14.47 -15.77
48.55 -16.32 -20.10
48.55 -16.32 -20.10
46.67 -19.34 -23.23
46.67 -19.34 -23.23
45.13 -19.32 -25.24
45.13 -19.32 -25.24
45.18 -20.96 -25.54
45.18 -20.96 -25.54
45.18 -20.96 -25.54
45.41 -21.63 -24.66
45.41 -21.63 -24.66
46.98 -23.00 -22.12
46.98 -23.00 -22.12
48.03 -22.99 -20.35
48.03 -22.99 -20.35
49.13 -22.51 -17.02
49.13 -22.51 -17.02
49.13 -22.51 -17.02
49.67 -22.52 -15.19
49.67 -22.52 -15.19
50.37 -23.19 -13.07
50.37 -23.19 -13.07
50.27 -25.38 -11.76
50.27 -25.38 -11.76
50.32 -27.47 -8.13
50.32 -27.47 -8.13
50.32 -27.47 -8.13
49.10 -30.48 -7.26
49.10 -30.48 -7.26
47.95 -35.02 -7.28
47.95 -35.02 -7.28
44.82 -37.84 -10.01
45.78 -37.84 -10.01
45.78 -37.84 -10.01
43.98 -40.41 -10.19
43.98 -40.41 -10.19
42.66 -41.80 -11.68
42.66 -41.80 -11.68
41.30 -42.09 -12.62
41.30 -42.09 -12.62
41.30 -42.09 -12.62
41.41 -42.69 -13.85
41.41 -42.69 -13.85
40.56 -42.02 -16.16
40.56 -42.02 -16.16
40.19 -42.08 -16.28
40.19 -42.08 -16.28
40.95 -42.07 -14.11
40.95 -42.07 -14.11
40.95 -42.07 -14.11
40.33 -43.03 -13.42
40.33 -43.03 -13.42
40.64 -43.93 -11.22
40.64 -43.93 -11.22
39.06 -46.25 -8.86
39.06 -46.25 -8.86
37.40 -46.86 -7.70
37.40 -46.86 -7.70
37.40 -46.86 -7.70
37.18 -47.17 -7.17
37.18 -47.17 -7.17
36.22 -47.46 -5.91
36.22 -47.46 -5.91
36.22 -47.46 -5.91
35.28 -47.63 -3.43
35.28 -47.63 -3.43
34.79 -47.47 -0.74
34.79 -47.47 -0.74
34.19 -47.30 0.46
34.19 -47.30 0.46
34.19 -47.30 0.46
34.06 -46.42 2.08
34.06 -46.42 2.08
32.65 -47.09 2.86
32.65 -47.09 2.86
32.65 -47.09 2.86
31.18 -47.44 3.38
31.18 -47.44 3.38
30.65 -46.90 3.69
30.65 -46.90 3.69
30.65 -46.90 3.69
31.54 -46.52 4.05
31.54 -46.52 4.05
31.85 -45.48 5.75
31.85 -45.48 5.75
31.85 -45.48 5.75
32.86 -44.67 5.96
32.86 -44.67 5.96
32.41 -45.32 5.22
32.41 -45.32 5.22
32.41 -45.32 5.22
32.25 -45.23 6.14
32.25 -45.23 6.14
32.35 -45.28 4.92
32.35 -45.28 4.92
32.35 -45.28 4.92
32.57 -45.48 6.14
32.57 -45.48 6.14
32.06 -45.57 6.27
32.06 -45.57 6.27
32.06 -45.57 6.27
31.97 -44.40 7.01
31.97 -44.40 7.01
32.21 -43.98 7.76
32.21 -43.98 7.76
32.21 -43.98 7.76
31.18 -44.03 7.58
31.18 -44.03 7.58
30.36 -43.58 9.12
30.36 -43.58 9.12
30.36 -43.58 9.12
30.13 -43.44 8.94
30.13 -43.44 8.94
28.77 -45.31 7.68
28.77 -45.31 7.68
28.77 -45.31 7.68
29.14 -45.76 6.65
29.14 -45.76 6.65
28.99 -46.20 7.73
28.99 -46.20 7.73
28.99 -46.20 7.73
27.93 -46.17 7.04
27.93 -46.17 7.04
27.26 -47.12 7.08
27.26 -47.12 7.08
27.26 -47.12 7.08
25.87 -47.81 7.06
25.87 -47.81 7.06
22.63 -47.46 7.36
22.63 -47.46 7.36
22.63 -47.46 7.36
19.04 -47.36 8.17
19.04 -47.36 8.17
15.11 -49.29 5.52
15.11 -49.29 5.52
15.11 -49.29 5.52
11.80 -49.44 3.22
11.80 -49.44 3.22
9.25 -49.40 1.75
9.25 -49.40 1.75
9.25 -49.40 1.75
8.85 -49.67 -1.44
8.85 -49.67 -1.44
8.51 -50.37 -5.58
8.51 -50.37 -5.58
8.51 -50.37 -5.58
8.75 -50.10 -8.98
8.75 -50.10 -8.98
7.18 -49.41 -11.65
7.18 -49.41 -11.65
7.18 -49.41 -11.65
6.34 -49.21 -10.52
6.34 -49.21 -10.52
7.46 -49.29 -12.70
7.46 -49.29 -12.70
7.46 -49.29 -12.70
7.52 -48.60 -13.78
7.52 -48.60 -13.78
8.45 -49.23 -15.43
8.45 -49.23 -15.43
8.36 -49.05 -16.47
8.36 -49.05 -16.47
8.36 -49.05 -16.47
10.17 -48.14 -18.32
10.17 -48.14 -18.32
11.55 -48.49 -18.79
11.55 -48.49 -18.79
10.77 -48.34 -19.10
10.77 -48.34 -19.10
11.83 -48.10 -19.64
11.83 -48.10 -19.64
11.83 -48.10 -19.64
10.80 -47.58 -19.49
10.80 -47.58 -19.49
10.93 -47.75 -18.27
10.93 -47.75 -18.27
8.96 -47.67 -17.79
8.96 -47.67 -17.79
8.96 -47.67 -17.79
6.81 -45.51 -18.70
6.81 -45.51 -18.70
4.76 -44.80 -18.49
4.76 -44.80 -18.49
3.54 -44.10 -17.26
3.54 -44.10 -17.26
3.54 -44.10 -17.26
1.73 -43.29 -16.05
1.73 -43.29 -16.05
-0.43 -41.98 -14.40
-0.43 -41.98 -14.40
-2.67 -41.24 -12.19
-2.67 -41.24 -12.19
-2.67 -41.24 -12.19
-3.39 -40.64 -12.43
-3.39 -40.64 -12.43
-4.26 -40.53 -11.43
-4.26 -40.53 -11.43
-4.32 -39.82 -11.49
-4.32 -39.82 -11.49
-5.03 -39.05 -12.06
-5.03 -39.05 -12.06
-5.03 -39.05 -12.06
-4.33 -38.96 -14.29
-4.33 -38.96 -14.29
-3.11 -38.68 -17.44
-3.11 -38.68 -17.44
-1.60 -37.74 -20.12
-1.60 -37.74 -20.12
-0.61 -37.45 -22.40
-0.61 -37.45 -22.40
-0.61 -37.45 -22.40
2.48 -37.10 -24.82
2.48 -37.10 -24.82
4.63 -36.38 -28.21
4.63 -36.38 -28.21
9.33 -36.22 -29.58
9.33 -36.22 -29.58
9.33 -36.22 -29.58
14.06 -36.65 -31.26
14.06 -36.65 -31.26
19.86 -35.61 -32.63
19.86 -35.61 -32.63
27.16 -34.07 -32.34
27.16 -34.07 -32.34
27.16 -34.07 -32.34
32.23 -31.73 -31.18
32.23 -31.73 -31.18
35.67 -28.10 -30.69
35.67 -28.10 -30.69
39.81 -25.04 -28.85
39.81 -25.04 -28.85
42.27 -20.63 -25.96
42.27 -20.63 -25.96
42.27 -20.63 -25.96
43.74 -16.94 -23.85
43.74 -16.94 -23.85
43.68 -14.88 -22.49
43.68 -14.88 -22.49
42.93 -13.61 -24.13
42.93 -13.61 -24.13
41.82 -11.95 -24.28
41.82 -11.95 -24.28
41.82 -11.95 -24.28
41.38 -10.82 -23.60
41.38 -10.82 -23.60
42.05 -8.22 -21.86
42.05 -8.22 -21.86
41.16 -5.52 -22.12
41.16 -5.52 -22.12
41.16 -5.52 -22.12
39.47 -3.81 -22.18
39.47 -3.81 -22.18
37.89 -0.83 -22.30
37.89 -0.83 -22.30
37.13 0.27 -21.46
37.13 0.27 -21.46
37.13 0.27 -21.46
36.15 1.99 -20.43
36.15 1.99 -20.43
35.67 3.22 -18.81
35.67 3.22 -18.81
35.67 3.22 -18.81
35.72 3.77 -17.81
35.72 3.77 -17.81
36.63 4.82 -16.19
36.63 4.82 -16.19
36.63 4.82 -16.19
37.19 4.59 -16.00
37.19 4.59 -16.00
37.76 2.76 -15.61
37.76 2.76 -15.61
37.76 2.76 -15.61
40.36 2.03 -14.47
40.36 2.03 -14.47
42.16 0.06 -12.61
42.16 0.06 -12.61
42.16 0.06 -12.61
44.03 -2.26 -11.24
44.03 -2.26 -11.24
45.30 -4.22 -11.39
45.30 -4.22 -11.39
45.30 -4.22 -11.39
46.23 -6.40 -12.28
46.23 -6.40 -12.28
47.88 -10.02 -13.55
47.88 -10.02 -13.55
48.11 -14.17 -16.50
48.11 -14.17 -16.50
48.11 -14.17 -16.50
49.05 -19.69 -16.76
49.05 -19.69 -16.76
47.45 -26.01 -19.85
47.45 -26.01 -19.85
43.33 -34.00 -22.61
43.33 -34.00 -22.61
37.24 -40.93 -23.33
37.24 -40.93 -23.33
37.24 -40.93 -23.33
32.24 -46.37 -21.83
32.24 -46.37 -21.83
27.93 -49.49 -19.57
27.93 -49.49 -19.57
25.46 -52.40 -16.31
25.46 -52.40 -16.31
26.48 -53.63 -10.86
26.48 -53.63 -10.86
26.48 -53.63 -10.86
30.51 -52.49 -11.24
30.51 -52.49 -11.24
34.83 -49.10 -13.26
34.83 -49.10 -13.26
39.73 -45.13 -14.99
39.73 -45.13 -14.99
42.93 -39.81 -15.38
42.93 -39.81 -15.38
42.93 -39.81 -15.38
42.75 -36.84 -18.49
42.75 -36.84 -18.49
41.38 -34.80 -21.57
41.38 -34.80 -21.57
40.59 -30.93 -24.96
40.59 -30.93 -24.96
38.90 -27.55 -26.51
38.90 -27.55 -26.51
38.90 -27.55 -26.51
35.99 -24.50 -29.09
35.99 -24.50 -29.09
33.53 -22.05 -31.52
33.53 -22.05 -31.52
29.88 -19.40 -32.67
29.88 -19.40 -32.67
29.88 -19.40 -33.54
28.21 -15.38 -33.54
28.21 -15.38 -33.54
25.31 -12.96 -33.65
25.31 -12.96 -33.65
22.17 -10.66 -34.92
22.17 -10.66 -34.92
20.06 -5.80 -31.48
20.06 -5.80 -31.48
20.06 -5.80 -31.48
16.99 -4.11 -32.26
16.99 -4.11 -32.26
14.10 -2.40 -30.71
14.10 -2.40 -30.71
8.40 -4.13 -29.81
8.40 -4.13 -29.81
8.40 -4.13 -29.81
3.63 -3.43 -28.02
3.63 -3.43 -28.02
1.04 -2.99 -26.77
1.04 -2.99 -26.77
1.04 -2.99 -26.77
0.46 -1.22 -23.58
0.46 -1.22 -23.58
-0.02 0.94 -21.91
-0.02 0.94 -21.91
-0.02 0.94 -21.91
-0.31 2.72 -19.46
-0.31 2.72 -19.46
-2.26 1.98 -18.47
-2.26 1.98 -18.47
-2.26 1.98 -18.47
-4.99 1.90 -15.12
-4.99 1.90 -15.12
-7.21 -0.26 -12.93
-7.21 -0.26 -12.93
-7.21 -0.26 -12.93
-10.60 -2.78 -7.98
-10.60 -2.78 -7.98
-11.34 -4.83 -6.15
-11.34 -4.83 -6.15
-11.34 -4.83 -4.37
-11.63 -5.80 -4.37
-11.63 -5.80 -4.37
-11.65 -5.83 -3.53
-11.65 -5.83 -3.53
-11.60 -5.85 -2.60
-11.60 -5.85 -2.60
-11.60 -5.85 -2.60
-12.55 -5.82 -1.99
-12.55 -5.82 -1.99
-12.94 -8.12 -2.83
-12.94 -8.12 -2.83
-13.88 -10.25 -1.42
-13.88 -10.25 -1.42
-13.88 -10.25 -1.42
-14.55 -12.63 -1.97
-14.55 -12.63 -1.97
-14.39 -16.24 -3.04
-14.39 -16.24 -3.04
-15.15 -18.81 -3.85
-15.15 -18.81 -3.85
-15.08 -21.74 -8.36
-15.08 -21.74 -8.36
-15.08 -21.74 -8.36
-13.71 -23.93 -10.77
-13.71 -23.93 -10.77
-13.64 -25.82 -14.84
-13.64 -25.82 -14.84
-12.04 -27.12 -16.65
-12.04 -27.12 -16.65
-10.95 -29.70 -19.46
-10.95 -29.70 -19.46
-8.40 -30.26 -22.63
-8.40 -30.26 -22.63
-8.40 -30.26 -22.63
-5.94 -31.13 -26.27
-5.94 -31.13 -26.27
-3.27 -30.71 -27.10
-3.27 -30.71 -27.10
-1.37 -29.05 -30.46
-1.37 -29.05 -30.46
-0.23 -27.49 -30.94
-0.23 -27.49 -30.94
-0.23 -27.49 -30.94
1.98 -24.66 -33.29
1.98 -24.66 -33.29
4.09 -21.25 -34.91
4.09 -21.25 -34.91
6.91 -17.54 -35.25
6.91 -17.54 -35.25
6.91 -17.54 -35.25
8.07 -13.83 -35.41
8.07 -13.83 -35.41
9.36 -10.94 -35.17
9.36 -10.94 -35.17
9.42 -8.15 -33.37
9.42 -8.15 -33.37
9.42 -8.15 -33.37
9.48 -5.38 -32.95
9.48 -5.38 -32.95
9.96 -2.43 -31.47
9.96 -2.43 -31.47
9.96 -2.43 -31.47
10.30 -0.06 -30.21
10.30 -0.06 -30.21
10.77 2.19 -28.44
10.77 2.19 -28.44
10.77 2.19 -28.44
11.69 4.05 -27.43
11.69 4.05 -27.43
12.40 5.07 -26.14
12.40 5.07 -26.14
12.40 5.07 -26.14
13.35 5.73 -24.87
13.35 5.73 -24.87
15.77 6.32 -25.43
15.77 6.32 -25.43
15.77 6.32 -25.43
17.26 5.62 -26.49
17.26 5.62 -26.49
19.59 4.61 -27.11
19.59 4.61 -27.11
19.59 4.61 -27.11
23.75 2.48 -27.73
23.75 2.48 -27.73
25.66 1.51 -28.53
25.66 1.51 -28.53
25.66 1.51 -28.53
26.94 0.26 -29.13
26.94 0.26 -29.13
28.12 -0.72 -28.02
28.12 -0.72 -28.02
28.12 -0.72 -28.02
31.79 -2.61 -28.23
31.79 -2.61 -28.23
33.26 -3.54 -28.75
33.26 -3.54 -28.75
35.27 -6.58 -28.25
35.27 -6.58 -28.25
35.27 -6.58 -28.25
35.25 -7.30 -29.61
35.25 -7.30 -29.61
35.66 -9.74 -29.48
35.66 -9.74 -29.48
35.66 -9.74 -29.48
36.22 -13.23 -30.38
36.22 -13.23 -30.38
39.29 -17.57 -28.77
39.29 -17.57 -28.77
41.32 -20.79 -27.14
41.32 -20.79 -27.14
42.37 -23.45 -26.28
42.37 -23.45 -26.28
42.37 -23.45 -26.28
41.85 -25.87 -25.34
41.85 -25.87 -25.34
41.52 -27.56 -25.12
41.52 -27.56 -25.12
41.05 -30.70 -23.82
41.05 -30.70 -23.82
40.75 -35.88 -21.26
40.75 -35.88 -21.26
40.75 -35.88 -21.26
39.62 -39.64 -18.02
39.62 -39.64 -18.02
38.92 -42.29 -13.73
38.92 -42.29 -13.73
37.02 -44.23 -10.49
37.02 -44.23 -10.49
35.35 -45.17 -7.06
35.35 -45.17 -7.06
35.35 -45.17 -7.06
32.87 -47.27 -6.85
32.87 -47.27 -6.85
30.98 -47.44 -7.67
30.98 -47.44 -7.67
30.98 -47.44 -7.67
31.20 -48.72 -10.22
31.20 -48.72 -10.22
32.26 -47.51 -12.51
32.26 -47.51 -12.51
34.81 -45.83 -15.48
34.81 -45.83 -15.48
37.39 -43.88 -16.81
37.39 -43.88 -16.81
37.39 -43.88 -16.81
39.51 -42.02 -18.24
39.51 -42.02 -18.24
41.05 -40.36 -18.60
41.05 -40.36 -18.60
41.41 -39.86 -17.46
41.41 -39.86 -17.46
42.64 -37.82 -17.49
42.64 -37.82 -17.49
42.64 -37.82 -17.49
43.38 -37.38 -16.66
43.38 -37.38 -16.66
44.06 -37.21 -14.99
44.06 -37.21 -14.99
43.82 -38.32 -12.46
43.82 -38.32 -12.46
43.10 -40.59 -11.22
43.10 -40.59 -11.22
43.10 -40.59 -11.22
41.75 -41.93 -9.99
41.75 -41.93 -9.99
39.87 -43.62 -8.00
39.87 -43.62 -8.00
38.46 -43.44 -6.97
38.46 -43.44 -6.97
38.46 -43.44 -6.97
36.21 -45.50 -5.31
36.21 -45.50 -5.31
33.83 -46.61 -5.15
33.83 -46.61 -5.15
33.83 -46.61 -5.15
31.42 -47.39 -3.88
31.42 -47.39 -3.88
31.01 -47.63 -5.37
31.01 -47.63 -5.37
30.87 -48.05 -6.57
30.87 -48.05 -6.57
30.87 -48.05 -6.57
30.94 -48.02 -5.94
30.94 -48.02 -5.94
30.87 -48.36 -6.51
30.87 -48.36 -6.51
31.35 -48.52 -6.93
31.35 -48.52 -6.93
31.35 -48.52 -6.93
31.75 -48.38 -5.76
31.75 -48.38 -5.76
31.82 -47.90 -5.05
31.82 -47.90 -5.05
31.82 -47.90 -5.05
32.62 -46.89 -4.31
32.62 -46.89 -4.31
33.58 -46.30 -2.32
33.58 -46.30 -2.32
34.45 -45.68 -1.64
34.45 -45.68 -1.64
34.45 -45.68 -1.64
35.01 -44.26 0.05
35.01 -44.26 0.05
36.04 -44.34 -0.78
36.04 -44.34 -0.78
36.55 -44.19 -0.78
36.55 -44.19 -0.78
36.55 -44.19 -0.78
35.64 -43.66 0.95
35.64 -43.66 0.95
35.42 -43.30 1.65
35.42 -43.30 1.65
35.42 -43.30 1.65
34.99 -43.14 3.61
34.99 -43.14 3.61
33.97 -44.02 3.85
33.97 -44.02 3.85
33.97 -44.02 3.85
34.09 -45.69 -0.67
34.09 -45.69 -0.67
33.09 -47.72 -4.04
33.09 -47.72 -4.04
33.09 -47.72 -4.04
32.95 -48.38 -9.86
32.95 -48.38 -9.86
32.48 -48.08 -13.17
32.48 -48.08 -13.17
33.20 -47.00 -15.38
33.20 -47.00 -15.38
33.20 -47.00 -15.38
34.69 -45.24 -17.70
34.69 -45.24 -17.70
34.83 -42.99 -22.35
34.83 -42.99 -22.35
35.28 -39.40 -24.54
35.28 -39.40 -24.54
35.30 -36.36 -28.54
35.30 -36.36 -28.54
35.30 -36.36 -28.54
35.17 -33.23 -28.70
35.17 -33.23 -28.70
34.41 -30.49 -31.16
34.41 -30.49 -31.16
34.31 -27.65 -31.65
34.31 -27.65 -31.65
34.34 -25.01 -32.73
34.34 -25.01 -32.73
34.34 -25.01 -32.73
33.28 -23.02 -33.58
33.28 -23.02 -33.58
33.48 -20.01 -33.79
33.48 -20.01 -33.79
31.90 -19.37 -34.12
31.90 -19.37 -34.12
32.25 -20.59 -33.84
32.25 -20.59 -33.84
32.25 -20.59 -33.84
35.12 -22.71 -33.09
35.12 -22.71 -33.09
37.99 -25.92 -30.00
37.99 -25.92 -30.00
39.04 -27.33 -28.38
39.04 -27.33 -28.38
40.44 -28.59 -26.99
40.44 -28.59 -26.99
40.44 -28.59 -26.99
41.98 -31.64 -23.27
41.98 -31.64 -23.27
43.69 -33.94 -18.66
43.69 -33.94 -18.66
45.39 -35.07 -11.10
45.39 -35.07 -11.10
44.89 -34.38 -6.09
44.89 -34.38 -6.09
44.89 -34.38 -6.09
44.21 -33.67 -1.76
44.21 -33.67 -1.76
44.20 -30.70 2.67
44.20 -30.70 2.67
44.20 -30.70 2.67
43.53 -27.77 6.41
43.53 -27.77 6.41
43.31 -22.41 8.13
43.31 -22.41 8.13
43.31 -22.41 8.13
42.53 -18.46 9.30
42.53 -18.46 9.30
40.45 -14.07 10.93
40.45 -14.07 10.93
40.45 -14.07 10.93
37.89 -10.62 12.67
37.89 -10.62 12.67
35.67 -7.76 13.35
35.67 -7.76 13.35
35.29 -5.99 13.06
35.29 -5.99 13.06
35.29 -5.99 13.06
34.11 -4.80 14.33
34.11 -4.80 14.33
34.01 -5.53 13.27
34.01 -5.53 13.27
34.01 -5.53 13.27
35.13 -7.40 12.72
35.13 -7.40 12.72
36.68 -11.51 13.21
36.68 -11.51 13.21
36.68 -11.51 13.21
38.07 -14.87 12.99
38.07 -14.87 12.99
39.87 -18.20 11.88
39.87 -18.20 11.88
39.87 -18.20 11.88
40.71 -20.63 9.85
40.71 -20.63 9.85
42.53 -24.79 7.26
42.53 -24.79 7.26
43.60 -28.74 4.68
43.60 -28.74 4.68
43.60 -28.74 4.68
45.12 -33.14 -3.19
45.12 -33.14 -3.19
44.89 -35.02 -10.21
44.89 -35.02 -10.21
44.89 -35.02 -10.21
43.38 -35.39 -17.76
43.38 -35.39 -17.76
41.22 -32.31 -22.97
41.22 -32.31 -22.97
39.55 -30.05 -26.95
39.55 -30.05 -26.95
36.52 -27.87 -31.03
36.52 -27.87 -31.03
36.52 -27.87 -31.03
32.82 -25.90 -33.61
32.82 -25.90 -33.61
28.86 -27.54 -34.13
28.86 -27.54 -34.13
25.71 -29.98 -34.48
25.71 -29.98 -34.48
22.08 -33.94 -34.50
22.08 -33.94 -34.50
22.08 -33.94 -34.50
18.25 -39.38 -30.79
18.25 -39.38 -30.79
17.36 -44.51 -26.61
17.36 -44.51 -26.61
18.52 -48.29 -21.66
18.52 -48.29 -21.66
20.26 -50.49 -17.76
20.26 -50.49 -17.76
20.26 -50.49 -17.76
21.44 -52.06 -11.67
21.44 -52.06 -11.67
23.38 -51.79 -5.18
23.38 -51.79 -5.18
24.43 -49.21 2.29
24.43 -49.21 2.29
24.43 -49.21 2.29
25.73 -44.71 8.40
25.73 -44.71 8.40
25.92 -39.78 13.70
25.92 -39.78 13.70
25.92 -39.78 13.70
26.46 -34.94 16.69
26.46 -34.94 16.69
27.17 -29.55 18.36
27.17 -29.55 18.36
25.90 -24.49 20.06
25.90 -24.49 20.06
25.90 -24.49 20.06
24.18 -21.61 21.03
24.18 -21.61 21.03
23.50 -20.65 21.48
23.50 -20.65 21.48
23.50 -20.65 21.48
21.94 -22.69 22.41
21.94 -22.69 22.41
18.91 -26.64 21.24
18.91 -26.64 21.24
15.22 -30.18 20.21
15.22 -30.18 20.21
15.22 -30.18 20.21
10.64 -34.66 18.23
10.64 -34.66 18.23
7.25 -38.54 14.09
7.25 -38.54 14.09
7.25 -38.54 14.09
4.35 -42.41 9.20
4.35 -42.41 9.20
4.15 -46.02 3.17
4.15 -46.02 3.17
4.15 -46.02 3.17
5.29 -49.93 -4.54
5.29 -49.93 -4.54
5.65 -52.44 -10.33
5.65 -52.44 -10.33
5.65 -52.44 -10.33
6.97 -51.60 -16.66
6.97 -51.60 -16.66
9.55 -48.91 -22.94
9.55 -48.91 -22.94
11.91 -43.99 -28.16
11.91 -43.99 -28.16
11.91 -43.99 -28.16
15.21 -39.83 -30.91
15.21 -39.83 -30.91
17.79 -35.60 -33.09
17.79 -35.60 -33.09
21.23 -31.43 -35.01
21.23 -31.43 -35.01
23.83 -27.05 -36.25
23.83 -27.05 -36.25
23.83 -27.05 -36.25
27.22 -23.39 -35.10
27.22 -23.39 -35.10
31.64 -21.35 -33.73
31.64 -21.35 -33.73
35.82 -19.40 -31.98
35.82 -19.40 -31.98
35.82 -19.40 -31.98
39.38 -18.91 -29.75
39.38 -18.91 -29.75
41.64 -21.19 -26.73
41.64 -21.19 -26.73
44.06 -24.12 -23.54
44.06 -24.12 -23.54
45.07 -27.12 -20.26
45.07 -27.12 -20.26
45.07 -27.12 -20.26
45.94 -31.69 -15.04
45.94 -31.69 -15.04
44.81 -34.25 -12.28
44.81 -34.25 -12.28
43.63 -35.62 -7.20
43.63 -35.62 -7.20
42.29 -36.44 -3.09
42.29 -36.44 -3.09
42.29 -36.44 -3.09
40.78 -36.76 1.64
40.78 -36.76 1.64
39.11 -36.34 5.04
39.11 -36.34 5.04
39.11 -36.34 5.04
37.29 -34.42 8.54
37.29 -34.42 8.54
37.33 -33.01 10.64
37.33 -33.01 10.64
37.33 -33.01 10.64
36.67 -28.83 12.96
36.67 -28.83 12.96
36.51 -24.91 15.04
36.51 -24.91 15.04
37.06 -19.40 15.55
37.06 -19.40 15.55
37.06 -19.40 15.55
36.13 -14.88 15.33
36.13 -14.88 15.33
37.44 -12.26 15.00
37.44 -12.26 15.00
37.44 -12.26 15.00
36.80 -9.85 14.12
36.80 -9.85 14.12
36.56 -6.87 13.37
36.56 -6.87 13.37
36.79 -4.13 11.89
36.79 -4.13 11.89
36.79 -4.13 11.89
36.52 -2.03 10.39
36.52 -2.03 10.39
35.91 1.48 7.81
35.91 1.48 7.81
35.91 1.48 7.81
35.77 3.15 6.45
35.77 3.15 6.45
35.77 3.15 6.45
36.30 4.50 4.79
36.30 4.50 4.79
36.30 4.50 4.79
35.83 6.18 3.08
35.83 6.18 3.08
35.83 6.18 3.08
34.67 7.79 0.45
34.67 7.79 0.45
33.90 8.15 -1.66
33.90 8.15 -1.66
33.90 8.15 -1.66
33.86 8.72 -4.04
33.86 8.72 -4.04
33.86 8.72 -4.04
33.86 9.70 -4.77
33.86 9.70 -4.77
33.47 9.48 -6.43
33.47 9.48 -6.43
33.47 9.48 -6.43
34.79 9.06 -6.35
34.79 9.06 -6.35
34.79 9.06 -6.35
35.03 9.02 -6.43
35.03 9.02 -6.43
34.88 8.73 -7.15
34.88 8.73 -7.15
34.88 8.73 -7.15
34.28 8.70 -6.68
34.28 8.70 -6.68
34.28 8.70 -7.28
35.86 8.56 -7.28
35.86 8.56 -7.28
36.40 7.31 -3.58
36.40 7.31 -3.58
36.40 7.31 -3.58
36.56 7.09 -1.10
36.56 7.09 -1.10
36.80 6.40 -0.18
36.80 6.40 -0.18
36.80 6.40 -0.18
36.02 6.62 0.73
36.02 6.62 0.73
36.02 6.62 0.73
36.33 5.88 -0.49
36.33 5.88 -0.49
36.71 6.70 -1.54
36.71 6.70 -1.54
36.71 6.70 -1.54
37.26 7.20 -2.89
37.26 7.20 -2.89
37.26 7.20 -2.89
35.89 8.58 -5.27
35.89 8.58 -5.27
34.63 9.25 -10.95
34.63 9.25 -10.95
34.63 9.25 -10.95
33.41 8.83 -13.62
33.41 8.83 -13.62
32.80 8.50 -16.38
32.80 8.50 -16.38
32.80 8.50 -16.38
31.97 8.73 -17.37
31.97 8.73 -17.37
30.08 8.53 -18.58
30.08 8.53 -18.58
30.08 8.53 -18.58
28.04 10.30 -17.35
28.04 10.30 -17.35
27.43 11.76 -13.51
27.43 11.76 -13.51
27.43 11.76 -13.51
27.67 12.83 -9.24
27.67 12.83 -9.24
27.55 12.46 -4.66
27.55 12.46 -4.66
27.55 12.46 -4.66
27.77 11.40 0.38
27.77 11.40 0.38
29.26 8.65 5.35
29.26 8.65 5.35
29.26 8.65 5.35
30.90 6.27 8.48
30.90 6.27 8.48
30.90 6.27 8.48
32.12 1.56 12.37
32.12 1.56 12.37
32.39 -2.64 15.23
32.39 -2.64 15.23
32.39 -2.64 15.23
33.04 -5.57 15.20
33.04 -5.57 15.20
33.85 -6.69 16.13
33.85 -6.69 16.13
33.85 -6.69 16.13
33.48 -5.66 15.41
33.48 -5.66 15.41
33.28 -3.03 14.78
33.28 -3.03 14.78
33.28 -3.03 14.78
33.19 -0.37 14.51
33.19 -0.37 14.51
32.01 3.13 11.58
32.01 3.13 11.58
32.01 3.13 11.58
32.78 5.53 7.82
32.78 5.53 7.82
32.78 5.53 7.82
34.16 7.45 2.29
34.16 7.45 2.29
34.16 7.45 2.29
36.02 8.20 -2.53
36.02 8.20 -2.53
36.17 7.97 -5.55
36.17 7.97 -5.55
36.17 7.97 -5.55
36.79 7.62 -10.36
36.79 7.62 -10.36
35.64 8.26 -10.66
35.64 8.26 -10.66
35.64 8.26 -10.66
34.50 9.07 -10.22
34.50 9.07 -10.22
33.96 9.81 -7.93
33.96 9.81 -7.93
33.96 9.81 -7.93
31.68 10.77 -6.18
31.68 10.77 -6.18
31.68 10.77 -6.18
28.36 12.01 -2.65
28.36 12.01 -2.65
25.46 12.35 0.49
25.46 12.35 0.49
25.46 12.35 0.49
23.36 12.27 2.87
23.36 12.27 2.87
22.81 11.28 5.36
22.81 11.28 5.36
22.81 11.28 5.36
21.87 9.30 8.86
21.87 9.30 8.86
21.87 9.30 8.86
19.40 5.09 14.62
19.40 5.09 14.62
17.04 -1.81 19.21
17.04 -1.81 19.21
17.04 -1.81 19.21
15.55 -7.54 20.48
15.55 -7.54 20.48
14.81 -14.99 22.60
14.81 -14.99 22.60
14.81 -14.99 22.60
14.84 -20.67 22.05
14.84 -20.67 22.05
15.91 -24.55 20.12
15.91 -24.55 20.12
15.91 -24.55 20.12
16.17 -23.74 21.25
16.17 -23.74 21.25
15.67 -21.59 22.01
15.67 -21.59 22.01
17.03 -16.04 21.94
17.03 -16.04 21.94
17.03 -16.04 21.94
18.88 -5.44 19.41
18.88 -5.44 19.41
20.74 3.80 13.34
20.74 3.80 13.34
20.74 3.80 13.34
22.14 9.48 7.37
22.14 9.48 7.37
22.14 9.48 -1.10
23.30 13.01 -1.10
23.30 13.01 -1.10
24.06 12.72 -9.31
24.06 12.72 -9.31
24.06 12.72 -9.31
25.66 9.86 -17.03
25.66 9.86 -17.03
26.79 5.87 -24.04
26.79 5.87 -24.04
26.79 5.87 -24.04
26.79 0.13 -29.26
26.79 0.13 -29.26
28.59 -6.03 -30.86
28.59 -6.03 -30.86
29.69 -11.91 -34.00
29.69 -11.91 -34.00
29.69 -11.91 -34.00
28.85 -17.18 -34.51
28.85 -17.18 -34.51
28.72 -21.48 -35.69
28.72 -21.48 -35.69
27.72 -23.46 -34.50
27.72 -23.46 -34.50
27.81 -25.29 -35.72
27.81 -25.29 -35.72
27.81 -25.29 -35.72
30.18 -25.09 -34.55
30.18 -25.09 -34.55
31.18 -23.63 -34.63
31.18 -23.63 -34.63
32.34 -22.52 -34.16
32.34 -22.52 -34.16
32.34 -22.52 -34.16
33.62 -22.44 -34.17
33.62 -22.44 -34.17
36.21 -20.41 -32.43
36.21 -20.41 -32.43
38.51 -15.34 -28.89
38.51 -15.34 -28.89
40.65 -10.07 -27.56
40.65 -10.07 -27.56
40.65 -10.07 -27.56
41.48 -5.08 -22.07
41.48 -5.08 -22.07
40.71 -0.09 -16.64
40.71 -0.09 -16.64
41.09 3.10 -12.78
41.09 3.10 -12.78
41.09 3.10 -12.78
41.74 2.11 -8.50
41.74 2.11 -8.50
43.35 -0.09 -8.12
43.35 -0.09 -8.12
43.35 -0.09 -8.12
44.64 -2.71 -9.78
44.64 -2.71 -9.78
45.25 -3.04 -9.75
45.25 -3.04 -9.75
45.25 -3.04 -9.75
43.85 -1.37 -10.61
43.85 -1.37 -10.61
42.58 1.37 -10.28
42.58 1.37 -10.28
42.58 1.37 -10.28
40.08 3.81 -10.03
40.08 3.81 -10.03
38.13 5.91 -10.31
38.13 5.91 -10.31
38.13 5.91 -10.31
35.80 7.32 -10.66
35.80 7.32 -10.66
33.18 7.86 -15.01
33.18 7.86 -15.01
33.18 7.86 -15.01
30.65 6.12 -21.72
30.65 6.12 -21.72
26.16 3.42 -26.81
26.16 3.42 -26.81
26.16 3.42 -26.81
24.05 -2.28 -32.98
24.05 -2.28 -32.98
21.24 -9.69 -36.06
21.24 -9.69 -36.06
21.24 -15.94 -36.93
19.81 -16.06 -36.93
19.81 -16.06 -36.93
19.93 -21.18 -36.83
19.93 -21.18 -36.83
21.19 -27.29 -37.48
21.19 -27.29 -37.48
24.51 -32.64 -34.72
24.51 -32.64 -34.72
24.51 -32.64 -34.72
27.01 -34.79 -32.65
27.01 -34.79 -32.65
28.32 -35.33 -32.91
28.32 -35.33 -32.91
30.37 -35.60 -31.70
30.37 -35.60 -31.70
33.00 -35.41 -30.36
33.00 -35.41 -30.36
33.00 -35.41 -30.36
34.70 -33.11 -30.52
34.70 -33.11 -30.52
34.66 -30.16 -30.43
34.66 -30.16 -30.43
35.49 -26.39 -31.84
35.49 -26.39 -31.84
35.75 -20.91 -32.17
35.75 -20.91 -32.17
35.75 -20.91 -32.17
35.51 -13.84 -31.43
35.51 -13.84 -31.43
32.37 -7.41 -31.23
32.37 -7.41 -31.23
28.36 -1.70 -30.09
28.36 -1.70 -30.09
28.36 -1.70 -30.09
24.28 2.81 -29.06
24.28 2.81 -29.06
20.69 6.10 -25.96
20.69 6.10 -25.96
20.69 6.10 -25.96
18.54 9.67 -20.85
18.54 9.67 -20.85
17.48 11.69 -17.04
17.48 11.69 -17.04
15.63 12.85 -14.45
15.63 12.85 -14.45
15.63 12.85 -14.45
17.22 13.27 -11.73
17.22 13.27 -11.73
21.40 12.76 -12.49
21.40 12.76 -12.49
21.40 12.76 -12.49
25.57 11.16 -14.54
25.57 11.16 -14.54
29.86 6.82 -19.20
29.86 6.82 -19.20
32.98 0.72 -26.21
32.98 0.72 -26.21
32.98 0.72 -26.21
34.03 -7.96 -29.81
34.03 -7.96 -29.81
33.20 -16.39 -32.57
33.20 -16.39 -32.57
33.20 -16.39 -32.57
33.15 -22.60 -33.01
33.15 -22.60 -33.01
31.02 -26.37 -34.00
31.02 -26.37 -34.00
27.83 -30.35 -34.03
27.83 -30.35 -34.03
23.65 -33.56 -33.80
23.65 -33.56 -33.80
23.65 -33.56 -33.80
18.86 -35.58 -32.79
18.86 -35.58 -32.79
17.81 -35.55 -33.12
17.81 -35.55 -33.12
15.47 -37.17 -32.32
15.47 -37.17 -32.32
13.15 -38.39 -30.30
13.15 -38.39 -30.30
13.15 -38.39 -30.30
13.35 -39.33 -30.35
13.35 -39.33 -30.35
14.51 -40.11 -30.04
14.51 -40.11 -30.04
17.94 -40.30 -30.35
17.94 -40.30 -30.35
23.46 -36.35 -32.59
23.46 -36.35 -32.59
23.46 -36.35 -32.59
28.72 -32.85 -33.35
28.72 -32.85 -33.35
32.19 -26.59 -34.27
32.19 -26.59 -34.27
33.45 -20.78 -34.69
33.45 -20.78 -34.69
33.68 -16.11 -33.50
33.68 -16.11 -33.50
33.68 -16.11 -33.50
32.07 -11.28 -32.89
32.07 -11.28 -32.89
29.91 -6.70 -33.12
29.91 -6.70 -33.12
26.28 -4.96 -32.36
26.28 -4.96 -32.36
26.28 -4.96 -32.36
23.30 -3.33 -31.99
23.30 -3.33 -31.99
20.86 -1.62 -31.18
20.86 -1.62 -31.18
19.01 0.22 -31.26
19.01 0.22 -31.26
19.01 0.22 -31.26
17.15 1.93 -29.43
17.15 1.93 -29.43
15.53 1.43 -30.68
15.53 1.43 -30.68
15.53 1.43 -30.68
13.67 0.27 -30.48
13.67 0.27 -30.48
11.67 -1.97 -31.93
11.67 -1.97 -31.93
11.67 -1.97 -31.93
10.39 -4.31 -32.64
10.39 -4.31 -32.64
8.73 -6.27 -33.51
8.73 -6.27 -33.51
8.73 -6.27 -33.51
9.97 -7.85 -33.18
9.97 -7.85 -33.18
11.55 -9.03 -35.07
11.55 -9.03 -35.07
11.55 -9.03 -35.07
13.26 -8.63 -35.06
13.26 -8.63 -35.06
13.76 -8.09 -35.12
13.76 -8.09 -35.12
12.46 -6.76 -33.84
12.46 -6.76 -33.84
12.46 -6.76 -33.84
11.84 -7.03 -34.19
11.84 -7.03 -34.19
11.18 -7.25 -33.95
11.18 -7.25 -33.95
9.89 -7.37 -34.66
9.89 -7.37 -34.66
9.89 -7.37 -34.66
7.54 -7.51 -33.48
7.54 -7.51 -33.48
7.41 -7.17 -34.12
7.41 -7.17 -34.12
7.41 -7.17 -34.12
5.11 -10.25 -34.47
5.11 -10.25 -34.47
4.55 -13.06 -33.45
4.55 -13.06 -33.45
4.55 -13.06 -33.45
3.54 -14.54 -33.90
3.54 -14.54 -33.90
4.30 -14.42 -34.02
4.30 -14.42 -34.02
6.21 -13.42 -34.56
6.21 -13.42 -34.56
6.21 -13.42 -34.56
7.68 -13.17 -35.07
7.68 -13.17 -35.07
8.80 -13.39 -36.10
8.80 -13.39 -36.10
8.80 -13.39 -36.10
10.13 -11.44 -35.50
10.13 -11.44 -35.50
9.55 -13.20 -35.75
9.55 -13.20 -35.75
9.56 -15.01 -37.18
9.56 -15.01 -37.18
9.56 -15.01 -37.18
10.34 -16.22 -36.91
10.34 -16.22 -36.91
10.94 -16.80 -36.63
10.94 -16.80 -36.63
10.97 -17.69 -37.27
10.97 -17.69 -37.27
10.61 -17.83 -36.56
10.61 -17.83 -36.56
10.61 -17.83 -36.56
10.33 -15.71 -36.55
10.33 -15.71 -36.55
9.16 -15.59 -36.24
9.16 -15.59 -36.24
6.75 -12.73 -35.42
6.75 -12.73 -35.42
6.75 -12.73 -35.42
5.58 -10.47 -34.27
5.58 -10.47 -34.27
3.23 -7.93 -32.06
3.23 -7.93 -32.06
2.54 -5.71 -31.51
2.54 -5.71 -31.51
2.54 -5.71 -31.51
2.81 -1.82 -27.92
2.81 -1.82 -27.92
5.30 3.31 -26.77
5.30 3.31 -26.77
5.30 3.31 -26.77
9.42 7.07 -24.35
9.42 7.07 -24.35
9.42 7.07 -24.35
13.01 6.86 -26.16
13.01 6.86 -26.16
15.92 6.88 -26.26
15.92 6.88 -26.26
15.92 6.88 -26.26
19.04 7.09 -25.15
19.04 7.09 -25.15
22.71 6.43 -26.04
22.71 6.43 -26.04
22.71 6.43 -26.04
24.49 4.54 -27.16
24.49 4.54 -27.16
26.94 0.88 -28.59
26.94 0.88 -28.59
26.94 0.88 -28.59
29.31 -3.27 -31.36
29.31 -3.27 -31.36
30.53 -7.85 -32.91
30.53 -7.85 -32.91
30.53 -7.85 -32.91
33.11 -10.29 -32.14
33.11 -10.29 -32.14
37.67 -12.34 -28.48
37.67 -12.34 -28.48
39.40 -16.31 -28.74
39.40 -16.31 -28.74
39.49 -19.95 -30.40
39.49 -19.95 -30.40
39.49 -19.95 -30.40
39.83 -22.22 -28.64
39.83 -22.22 -28.64
39.05 -24.46 -29.60
39.05 -24.46 -29.60
36.23 -26.26 -31.19
36.23 -26.26 -31.19
31.85 -28.47 -34.12
31.85 -28.47 -34.12
31.85 -28.47 -34.12
30.09 -29.91 -32.13
30.09 -29.91 -32.13
29.99 -28.28 -33.53
29.99 -28.28 -33.53
28.74 -25.90 -36.28
28.74 -25.90 -36.28
27.00 -24.41 -36.00
27.00 -24.41 -36.00
27.00 -24.41 -36.00
25.10 -25.54 -35.75
25.10 -25.54 -35.75
21.46 -26.15 -36.05
21.46 -26.15 -36.05
19.87 -26.59 -36.01
19.87 -26.59 -36.01
18.10 -25.49 -36.43
18.10 -25.49 -36.43
18.10 -25.49 -36.43
16.49 -25.26 -36.13
16.49 -25.26 -36.13
14.09 -25.02 -35.44
14.09 -25.02 -35.44
11.57 -24.27 -35.68
11.57 -24.27 -35.68
11.57 -24.27 -35.68
7.90 -22.92 -35.40
7.90 -22.92 -35.40
4.36 -21.45 -34.44
4.36 -21.45 -34.44
1.78 -19.90 -32.60
1.78 -19.90 -32.60
1.78 -19.90 -32.60
0.93 -18.46 -32.08
0.93 -18.46 -32.08
0.52 -17.44 -31.96
0.52 -17.44 -31.96
2.38 -15.16 -33.04
2.38 -15.16 -33.04
2.38 -15.16 -33.04
2.09 -10.71 -32.01
2.09 -10.71 -32.01
0.66 -6.49 -29.04
0.66 -6.49 -29.04
0.66 -6.49 -29.04
2.28 -4.66 -29.33
2.28 -4.66 -29.33
3.93 -6.51 -32.06
3.93 -6.51 -32.06
3.93 -6.51 -32.06
3.16 -7.29 -32.40
3.16 -7.29 -32.40
4.43 -8.37 -33.00
4.43 -8.37 -33.00
4.43 -8.37 -33.00
7.09 -12.73 -35.01
7.09 -12.73 -35.01
7.86 -17.30 -35.10
7.86 -17.30 -35.10
8.62 -20.68 -35.49
8.62 -20.68 -35.49
8.62 -20.68 -35.49
8.39 -22.92 -35.22
8.39 -22.92 -35.22
9.30 -24.12 -34.83
9.30 -24.12 -34.83
11.69 -25.37 -36.51
11.69 -25.37 -36.51
11.69 -25.37 -36.51
14.05 -26.01 -36.36
14.05 -26.01 -36.36
16.20 -26.40 -36.40
16.20 -26.40 -36.40
18.05 -24.49 -37.10
18.05 -24.49 -37.10
18.05 -24.49 -36.96
19.71 -23.80 -36.96
19.71 -23.80 -36.96
22.35 -23.21 -36.61
22.35 -23.21 -36.61
23.61 -23.90 -37.23
23.61 -23.90 -37.23
24.67 -20.83 -36.28
24.67 -20.83 -36.28
24.67 -20.83 -36.28
25.33 -16.87 -36.71
25.33 -16.87 -36.71
28.27 -13.75 -35.02
28.27 -13.75 -35.02
32.87 -11.46 -32.12
32.87 -11.46 -32.12
35.67 -8.12 -31.31
35.67 -8.12 -31.31
35.67 -8.12 -31.31
37.83 -4.72 -27.05
37.83 -4.72 -27.05
39.87 -2.03 -22.62
39.87 -2.03 -22.62
40.99 1.89 -17.66
40.99 1.89 -17.66
40.99 1.89 -17.66
41.88 2.89 -12.38
41.88 2.89 -12.38
41.50 3.92 -9.36
41.50 3.92 -9.36
41.50 3.92 -9.36
41.63 3.06 -6.45
41.63 3.06 -6.45
41.63 3.06 -6.45
40.65 5.05 -3.86
40.65 5.05 -3.86
38.89 7.06 -1.59
38.89 7.06 -1.59
38.89 7.06 -1.59
34.50 9.42 -3.23
34.50 9.42 -3.23
34.50 9.42 -3.23
29.99 12.18 -2.53
29.99 12.18 -2.53
23.36 14.14 -2.51
23.36 14.14 -2.51
23.36 14.14 -2.51
17.58 14.64 -5.60
17.58 14.64 -5.60
12.88 13.93 -11.13
12.88 13.93 -11.13
12.88 13.93 -11.13
11.17 11.33 -19.17
11.17 11.33 -19.17
10.82 5.52 -26.60
10.82 5.52 -26.60
12.38 -0.96 -31.42
12.38 -0.96 -31.42
12.38 -0.96 -31.42
15.30 -7.03 -33.61
15.30 -7.03 -33.61
18.99 -10.23 -35.46
18.99 -10.23 -35.46
21.94 -13.60 -35.71
21.94 -13.60 -35.71
21.94 -13.60 -35.71
26.37 -15.84 -34.90
26.37 -15.84 -34.90
31.38 -18.77 -34.39
31.38 -18.77 -34.39
33.64 -21.86 -32.25
33.64 -21.86 -32.25
34.84 -24.45 -33.14
34.84 -24.45 -33.14
34.84 -24.45 -33.14
35.85 -25.60 -31.45
35.85 -25.60 -31.45
36.22 -26.21 -31.19
36.22 -26.21 -31.19
38.05 -25.05 -30.08
38.05 -25.05 -30.08
41.46 -21.95 -28.42
41.46 -21.95 -28.42
41.46 -21.95 -28.42
44.41 -16.83 -25.70
44.41 -16.83 -25.70
44.63 -11.67 -22.24
44.63 -11.67 -22.24
43.63 -7.25 -21.91
43.63 -7.25 -21.91
43.63 -7.25 -21.91
42.82 -2.89 -17.85
42.82 -2.89 -17.85
41.36 1.06 -14.84
41.36 1.06 -14.84
40.22 3.34 -14.05
40.22 3.34 -14.05
40.22 3.34 -14.05
38.43 5.11 -14.34
38.43 5.11 -14.34
35.72 6.30 -15.86
35.72 6.30 -15.86
35.72 6.30 -15.86
33.45 7.04 -17.54
33.45 7.04 -17.54
30.10 7.73 -19.34
30.10 7.73 -19.34
30.10 7.73 -19.34
24.80 7.30 -21.75
24.80 7.30 -21.75
22.85 7.01 -23.46
22.85 7.01 -23.46
22.85 7.01 -23.46
24.06 5.02 -25.32
24.06 5.02 -25.32
27.27 1.64 -26.95
27.27 1.64 -26.95
27.27 1.64 -26.95
30.35 -3.58 -29.02
30.35 -3.58 -29.02
31.47 -9.86 -30.80
31.47 -9.86 -30.80
31.47 -9.86 -30.80
33.13 -15.88 -29.80
33.13 -15.88 -29.80
36.12 -18.82 -30.90
36.12 -18.82 -30.90
39.04 -21.36 -27.70
39.04 -21.36 -27.70
39.04 -21.36 -27.70
39.75 -22.79 -26.73
39.75 -22.79 -26.73
41.67 -25.18 -25.83
41.67 -25.18 -25.83
41.58 -27.34 -24.63
41.58 -27.34 -24.63
41.53 -31.48 -23.05
41.53 -31.48 -23.05
41.53 -31.48 -23.05
40.48 -35.19 -22.13
40.48 -35.19 -22.13
40.09 -38.38 -19.04
40.09 -38.38 -19.04
38.92 -40.49 -17.75
38.92 -40.49 -17.75
37.67 -42.16 -16.61
37.67 -42.16 -16.61
37.67 -42.16 -16.61
35.55 -43.49 -16.67
35.55 -43.49 -16.67
34.16 -44.64 -17.50
34.16 -44.64 -17.50
32.02 -45.21 -17.29
32.02 -45.21 -17.29
30.94 -47.02 -16.97
30.94 -47.02 -16.97
30.94 -47.02 -16.97
29.31 -48.30 -15.09
29.31 -48.30 -15.09
26.61 -49.54 -14.44
26.61 -49.54 -14.44
22.55 -50.11 -13.71
22.55 -50.11 -13.71
19.67 -50.37 -14.61
19.67 -50.37 -14.61
19.67 -50.37 -14.61
16.94 -49.90 -15.99
16.94 -49.90 -15.99
14.48 -48.29 -17.65
14.48 -48.29 -17.65
12.88 -48.14 -18.86
12.88 -48.14 -18.86
10.89 -46.73 -20.81
10.89 -46.73 -20.81
10.89 -46.73 -20.81
9.29 -45.81 -21.41
9.29 -45.81 -21.41
8.01 -44.13 -23.13
8.01 -44.13 -23.13
7.63 -42.92 -24.57
7.63 -42.92 -24.57
7.63 -42.92 -24.57
7.14 -41.71 -26.61
7.14 -41.71 -26.61
7.67 -41.13 -28.04
7.67 -41.13 -28.04
7.67 -41.13 -28.04
10.23 -40.93 -29.42
10.23 -40.93 -29.42
12.28 -40.47 -29.54
12.28 -40.47 -29.54
14.98 -41.46 -29.30
14.98 -41.46 -29.30
18.40 -41.30 -30.38
18.40 -41.30 -30.38
18.40 -41.30 -30.38
20.25 -41.13 -29.97
20.25 -41.13 -29.97
23.54 -40.17 -30.53
23.54 -40.17 -30.53
26.12 -39.66 -31.19
26.12 -39.66 -31.19
28.83 -38.53 -30.82
28.83 -38.53 -30.82
28.83 -38.53 -30.82
29.96 -37.13 -29.85
29.96 -37.13 -29.85
31.47 -36.61 -31.18
31.47 -36.61 -31.18
31.65 -36.79 -29.50
31.65 -36.79 -29.50
32.35 -37.48 -29.94
32.35 -37.48 -29.94
32.35 -37.48 -29.94
32.23 -37.63 -28.82
32.23 -37.63 -28.82
32.73 -36.71 -29.31
32.73 -36.71 -29.31
33.31 -34.96 -30.35
33.31 -34.96 -30.35
33.31 -31.54 -30.79
33.90 -31.54 -30.79
33.90 -31.54 -30.79
34.70 -27.26 -32.65
34.70 -27.26 -32.65
33.40 -21.96 -32.19
33.40 -21.96 -32.19
31.60 -16.48 -33.39
31.60 -16.48 -33.39
31.60 -16.48 -33.39
31.31 -10.67 -32.65
31.31 -10.67 -32.65
28.77 -8.72 -33.09
28.77 -8.72 -33.09
27.55 -7.18 -33.28
27.55 -7.18 -33.28
27.55 -4.05 -31.56
26.62 -5.93 -31.56
26.62 -5.93 -31.56
24.80 -5.62 -33.06
24.80 -5.62 -33.06
23.97 -5.63 -33.15
23.97 -5.63 -33.15
23.97 -5.63 -33.15
